mean_min_f <- c(76.056338, 55.630276, 2.277088, 10.992366, 40.610284, 49.074976, 97.635605, 76.636255, 63.897570, 54.961832, 18.613082, 4.988453, 75.929291, 87.372014, 50.968430, 27.525968, 69.279833, 81.325301, 14.026885, 73.333333, 100.000000, 63.073852, 77.786318, 62.354964, 34.710744, 89.235487, 44.826824, 49.281314, 51.968504, 41.721854, 88.000000, 42.612098, 56.756757, 70.402513, 65.789661, 100.000000, 75.195508, 35.481767, 32.117049, 80.357143, 65.331665, 62.936404, 38.590542, 50.380737, 91.306686, 78.458011, 53.914692, 84.980989, 40.112800, 80.726539, 66.414075, 4.237727, 70.056912, 35.732724, 42.704626, 52.691614, 25.903128, 100.000000, 100.000000, 36.186584, 15.748031, 18.530806, 0.471906, 48.312281, 34.704986, 94.812779, 24.743446, 69.845560, 95.883777, 3.090077, 72.915320, 32.205368, 54.477612, 62.678063, 57.010871, 57.798165, 28.017144, 100.000000, 21.660768, 0.594476, 17.227118, 8.569624, 70.744289, 22.780083, 32.935656, 55.108153, 41.041084, 53.639472, 41.273101, 47.454775, 80.122324, 26.010526, 59.504132, 47.904192, 21.736292, 2.430044, 69.767442, 11.536081, 32.300852, 29.329333)

max_min_f <- c(50.000000, 13.584906, 0.609756, 7.407407, 5.574516, 24.513619, 88.301887, 51.437700, 37.660944, 26.470588, 2.311436, 0.553506, 57.593985, 75.294118, 43.300433, 16.588419, 58.600586, 68.181818, 2.283105, 12.500000, 100.000000, 31.102362, 50.549451, 17.000170, 5.046344, 81.200812, 39.000390, 10.000000, 37.931034, 13.432836, 64.705882, 9.379968, 39.837398, 52.000520, 30.235294, 100.000000, 67.500675, 25.600256, 9.600096, 53.571429, 28.855721, 28.400284, 18.800188, 4.479578, 83.480826, 26.782609, 38.164251, 51.202749, 26.900269, 27.881041, 63.000630, 3.000030, 25.358852, 13.900139, 31.250000, 32.900329, 14.200142, 100.000000, 100.000000, 20.800208, 8.064516, 15.100151, 0.100001, 16.300163, 7.900079, 63.302752, 2.300023, 25.000000, 83.544304, 0.200002, 30.031949, 5.742821, 2.564103, 46.610169, 4.700047, 14.847162, 6.052632, 100.000000, 6.600066, 0.400004, 2.200022, 1.500015, 21.015762, 7.663317, 16.400164, 5.940594, 17.666667, 10.409556, 20.937500, 14.417178, 51.171875, 6.900069, 36.923077, 22.988506, 4.223744, 0.520833, 48.979592, 7.800078, 21.200212, 18.200182)

mean_min_g <- c(53.440395, 45.754095, 36.111111, 2.694136, 3.258656, 34.954729, 47.197989, 81.533101, 68.614046, 76.636255, 58.619269, 59.270293, 22.538976, 18.678761, 4.038804, 55.657048, 45.303053, 39.151860, 23.057306, 18.364067, 21.231698, 81.325301, 3.556662, 40.000000, 64.138144, 2.600780, 77.786318, 38.474785, 23.047035, 40.510229, 22.998325, 20.224853, 23.741007, 41.721854, 34.767340, 44.676332, 72.390110, 22.897527, 64.667336, 5.022537, 52.893092, 33.540373, 25.183330, 38.795004, 28.098932, 56.713741, 95.530474, 100.000000, 51.357733, 52.802869, 27.429238, 28.183283, 57.168509, 70.364259, 53.914692, 65.943098, 34.467540, 36.172249, 59.110124, 8.376563, 59.113300, 1.950827, 62.536873, 71.654676, 19.755446, 42.704626, 49.639372, 6.699964, 53.201022, 56.241222, 38.795630, 9.785933, 7.373317, 0.457883, 30.560112, 21.110899, 54.442270, 15.700620, 50.302398, 50.655580, 66.552316, 2.912206, 72.915320, 32.205368, 54.838710, 39.841325, 32.621817, 49.404642, 21.360284, 17.570536, 100.000000, 5.234793, 0.552692, 9.100539, 78.048780, 33.789330, 9.832776, 51.184196, 25.690141, 26.904148, 52.691218, 81.708945, 37.364666, 59.675210, 77.385159, 25.213060, 49.697885, 18.184644, 91.457286, 68.282512, 47.964379, 78.183613, 25.429975, 41.635688, 92.126910, 47.904192, 81.655960, 16.130204, 0.818202, 49.340574, 7.001167, 21.105027, 23.869831)

max_min_g <- c(21.649485, 13.584906, 12.360179, 0.609756, 0.900901, 5.574516, 13.443396, 62.400000, 21.826809, 51.437700, 35.135135, 9.518773, 8.880309, 2.311436, 0.553506, 42.087912, 18.417266, 18.949672, 6.313282, 3.306276, 5.860006, 68.181818, 0.386548, 2.857143, 39.408867, 0.787402, 50.549451, 2.232729, 3.780864, 8.120008, 3.900004, 2.617801, 9.649123, 13.432836, 19.819820, 9.379968, 47.264574, 7.500000, 17.060367, 1.294118, 21.577089, 14.386189, 7.680768, 12.113796, 5.330372, 31.797235, 91.443388, 100.000000, 28.855721, 13.998943, 13.276836, 4.479578, 14.249748, 18.803419, 38.164251, 35.731415, 11.101940, 9.929078, 13.966480, 6.300006, 22.556391, 0.533144, 15.142857, 47.428571, 3.037587, 31.250000, 20.038536, 1.420001, 29.806688, 39.861377, 14.783227, 3.861004, 1.788040, 0.020296, 5.127399, 1.610601, 32.721713, 1.645207, 13.987474, 9.895052, 37.379576, 0.196657, 30.031949, 5.742821, 2.564103, 27.363184, 0.470000, 6.621227, 6.052632, 0.850001, 100.000000, 1.502048, 0.064967, 0.762829, 57.971014, 12.751678, 1.043841, 21.015762, 7.033998, 6.710311, 5.940594, 57.954545, 16.562500, 10.409556, 61.864407, 9.476662, 14.417178, 6.891068, 81.614350, 32.587065, 20.190020, 66.666667, 6.221821, 9.722222, 73.202614, 22.988506, 32.231405, 0.473146, 0.178571, 6.751055, 1.355108, 8.503811, 6.390449)

mean_min_val_f = ecdf(mean_min_f)
max_min_val_f = ecdf(max_min_f)
mean_min_val_g = ecdf(mean_min_g)
max_min_val_g = ecdf(max_min_g)

plot(mean_min_val_f, lty=1, col="grey", pch = 16, xlab="Percentage (%)", ylab="CDF", main="Download Time Percentage Difference with IPs returned by all DNS", xlim=c(0, 100))
lines(max_min_val_f, pch = 3, col="grey", lwd = 2)
lines(mean_min_val_g, pch = 16, col="black", lwd = 2)
lines(max_min_val_g, pch = 3, col="black", lwd = 2)

legend("bottomright",  pch = c(16, 3, 16, 3), legend = c("(Min/Mean)% for Facebook CDNs", "(Min/Max)% for Facebook CDNs", "(Min/Mean)% for Google CDNs", "(Min/Max)% for Google CDNs"), col=c("grey", "grey", "black", "black"))

