mean_min_f <- c(6.611111, 86.138889, 171.662921, 32.388889, 71.659091, 130.750000, 5.666667, 49.083333, 198.316667, 29.500000, 83.078740, 57.138889, 121.416667, 18.500000, 416.545500, 279.090909, 259.845000, 3.444444, 61.291667, 0.363636, 0.000000, 46.250000, 26.272727, 102.632667, 92.166667, 97.951889, 480.014792, 20.583333, 10.166667, 25.142857, 3.000000, 79.458333, 37.333333, 218.610000, 133.638889, 0.000000, 222.660000, 465.497333, 202.906667, 22.000000, 30.777778, 167.249167, 299.166000, 33.486111, 26.944444, 42.283333, 135.055556, 26.333333, 401.608889, 35.812500, 318.594103, 677.926667, 22.652778, 249.999167, 26.833333, 295.387778, 406.196333, 0.000000, 0.000000, 366.798667, 53.500000, 663.859333, 210.906467, 174.388333, 148.633000, 11.325000, 69.953908, 28.925926, 2.833333, 62.723298, 34.916667, 96.833333, 0.835616, 32.750000, 35.440417, 49.650794, 59.092593, 0.000000, 238.698333, 668.861220, 105.705633, 160.036852, 49.625000, 206.777778, 333.940588, 19.550725, 76.138889, 52.722222, 95.333333, 104.083333, 32.500000, 196.277222, 16.333333, 65.250000, 133.222222, 80.303030, 20.800000, 598.139524, 444.329444, 438.539167)

max_min_f <- c(21.00, 687.00, 652.00, 50.00, 830.00, 388.00, 31.00, 152.00, 581.00, 100.00, 803.00, 539.00, 282.00, 42.00, 566.99, 533.00, 413.99, 7.00, 428.00, 7.00, 0.00, 175.00, 90.00, 829.99, 922.00, 187.99, 609.99, 180.00, 18.00, 116.00, 12.00, 570.00, 74.00, 479.99, 593.00, 0.00, 324.99, 743.99, 903.99, 78.00, 143.00, 715.99, 811.99, 725.00, 56.00, 421.00, 256.00, 142.00, 730.99, 388.00, 369.99, 969.99, 156.00, 860.99, 44.00, 670.99, 857.99, 0.00, 0.00, 791.99, 114.00, 848.99, 998.99, 836.99, 920.99, 120.00, 976.99, 201.00, 13.00, 997.99, 219.00, 755.00, 38.00, 63.00, 952.99, 390.00, 357.00, 0.00, 933.99, 995.99, 977.99, 984.99, 451.00, 735.00, 835.99, 380.00, 247.00, 525.00, 253.00, 558.00, 125.00, 930.99, 41.00, 201.00, 839.00, 382.00, 50.00, 921.99, 787.99, 817.99)

mean_min_g <- c(18.296117, 128.044444, 391.000000, 144.470588, 118.750000, 91.181319, 127.535714, 53.000000, 84.166667, 49.083333, 247.779221, 494.773810, 79.045455, 82.719807, 71.279412, 305.142857, 154.541667, 672.950000, 353.724138, 742.384615, 2174.024250, 3.444444, 271.162500, 1.500000, 581.500000, 74.900000, 26.272727, 271.847826, 163.608696, 1192.432037, 1305.775690, 78.888235, 35.333333, 25.142857, 41.277778, 73.060976, 201.000000, 90.916667, 284.115385, 208.012821, 489.833333, 1337.500000, 760.545455, 1249.500000, 245.650000, 52.663636, 49.500000, 0.000000, 54.933333, 236.866667, 497.400000, 86.638889, 212.027778, 64.861111, 135.055556, 76.952381, 511.444444, 74.111111, 103.763636, 6890.984381, 20.750000, 1507.809524, 31.750000, 32.833333, 564.603448, 26.833333, 316.533333, 1977.414390, 1003.695652, 2103.083333, 328.142857, 92.187500, 1896.925000, 217.396175, 370.375000, 295.214286, 89.538462, 123.491031, 66.194444, 64.291667, 97.500000, 66.676471, 34.916667, 96.833333, 0.823529, 83.047619, 97.075357, 69.638889, 84.676471, 398.764412, 0.000000, 1194.794872, 719.729965, 219.743929, 11.250000, 148.923077, 137.551020, 114.447368, 173.552632, 445.571429, 21.548387, 11.416667, 88.845238, 41.220000, 42.666667, 198.735294, 95.142857, 1169.777778, 17.000000, 60.850000, 2190.373750, 24.555556, 202.333333, 19.625000, 9.571429, 65.250000, 35.045455, 192.383333, 121.219178, 49.283019, 1036.100000, 792.500000, 580.468750)

max_min_g <- c(76.00, 687.00, 1567.00, 652.00, 440.00, 830.00, 734.00, 141.00, 659.00, 152.00, 648.00, 6844.00, 236.00, 803.00, 539.00, 527.00, 567.00, 1852.00, 1573.00, 4884.00, 9413.99, 7.00, 2577.00, 34.00, 1599.00, 252.00, 90.00, 7444.00, 1247.00, 9187.99, 9609.99, 744.00, 103.00, 116.00, 89.00, 570.00, 588.00, 333.00, 2528.00, 839.00, 1999.00, 4017.00, 3077.00, 5746.00, 1705.00, 148.00, 99.00, 0.00, 143.00, 1628.00, 1228.00, 725.00, 1703.00, 665.00, 256.00, 268.00, 2154.00, 381.00, 924.00, 9369.99, 103.00, 5597.00, 297.00, 92.00, 4437.00, 44.00, 1245.00, 9857.99, 2687.00, 4078.00, 1199.00, 249.00, 8294.00, 4926.00, 3016.00, 4826.00, 220.00, 1375.00, 412.00, 601.00, 325.00, 1015.00, 219.00, 755.00, 38.00, 146.00, 9952.99, 959.00, 357.00, 9914.99, 0.00, 4328.00, 6153.00, 2862.00, 29.00, 520.00, 1422.00, 451.00, 793.00, 2280.00, 380.00, 37.00, 267.00, 525.00, 90.00, 640.00, 558.00, 3513.00, 41.00, 271.00, 7980.99, 44.00, 1040.00, 130.00, 41.00, 201.00, 328.00, 7783.00, 559.00, 663.00, 5678.00, 2281.00, 2666.00)

mean_min_val_f = ecdf(mean_min_f)
max_min_val_f = ecdf(max_min_f)
mean_min_val_g = ecdf(mean_min_g)
max_min_val_g = ecdf(max_min_g)

plot(mean_min_val_f, lty=1, col="grey", pch = 16, xlab="Download Time (ms)", ylab="CDF", main="Download Time with IPs returned by all DNS", xlim=c(0, 1000), lwd = 2)
lines(max_min_val_f, pch = 17, col="grey", lwd = 2)
lines(mean_min_val_g, pch = 16, col="black", lwd = 2)
lines(max_min_val_g, pch = 17, col="black", lwd = 2)

legend("bottomright",  pch = c(16, 17, 16, 17), legend=c("Mean time - Min. time for Facebook CDNs", "Max time - Min time for Facebook CDNs", "Mean time - Min. time for Google CDNs", "Max time - Min time for Google CDNs"), col=c("grey", "grey", "black", "black"))

