tcp_open <-c(10.00, 65.00, 65.00, 25.00, 20.00, 20.00, 20.00, 20.00, 20.00, 20.00, 20.00, 25.00, 25.00, 70.00, 25.00, 25.00, 25.00, 25.00, 25.00, 25.00, 25.00, 25.00, 20.00, 20.00, 87.00, 87.00, 22.00, 87.00, 19.00, 87.00, 19.00, 19.00, 18.00, 18.00, 19.00, 18.00, 88.00, 84.00, 84.00, 20.00, 20.00, 20.00, 20.00, 20.00, 20.00, 21.00, 23.00, 23.00, 20.00, 24.00, 20.00, 23.00, 23.00, 23.00, 21.00, 20.00, 26.00, 21.00, 21.00, 20.00, 20.00, 20.00, 20.00, 20.00, 20.00, 85.00, 25.00, 70.00, 70.00, 65.00, 70.00, 70.00, 70.00, 25.00, 70.00, 90.00, 90.00, 90.00, 30.00, 65.00, 65.00, 65.00, 75.00, 75.00, 75.00, 55.00, 55.00, 55.00, 65.00, 70.00, 25.00, 70.00, 65.00, 65.00, 65.00, 65.00, 70.00, 70.00, 75.00, 75.00, 75.00, 95.00, 35.00, 35.00, 25.00, 25.00, 25.00, 25.00, 25.00, 21.00, 21.00, 21.00, 22.00, 22.00, 22.00, 19.00, 19.00, 20.00, 20.00, 14.00, 14.00, 20.00, 20.00, 20.00, 20.00, 25.00, 25.00, 25.00, 25.00, 20.00, 20.00, 30.00, 20.00, 19.00, 20.00, 20.00, 25.00, 30.00, 25.00, 25.00, 20.00, 65.00, 20.00, 20.00, 60.00, 60.00, 60.00, 160.00, 160.00, 3.00, 5.00, 20.00, 20.00, 22.00, 22.00, 20.00, 18.00, 21.00, 20.00, 19.00, 18.00, 20.00, 20.00, 20.00, 40.00, 40.00, 36.00, 40.00, 35.00, 35.00, 40.00, 40.00, 40.00, 45.00, 55.00, 41.00, 30.00, 60.00, 60.00, 65.00, 25.00, 60.00, 100.00, 26.00, 21.00, 21.00, 21.00, 21.00, 21.00, 21.00, 20.00, 67.00, 67.00, 67.00, 67.00, 67.00, 67.00, 67.00, 70.00, 70.00, 75.00, 75.00, 75.00, 59.00, 59.00, 86.00, 86.00, 60.00, 40.00, 40.00, 75.00, 75.00, 40.00, 40.00, 40.00, 40.00, 40.00, 30.00, 90.00, 90.00, 23.00, 23.00, 84.00, 60.00, 84.00, 45.00, 45.00, 30.00, 30.00, 30.00, 40.00, 85.00, 85.00, 40.00, 40.00, 85.00, 85.00, 60.00, 70.00, 85.00, 85.00, 90.00, 90.00, 90.00, 90.00, 90.00, 85.00, 85.00, 85.00, 85.00, 85.00, 90.00, 85.00, 90.00, 85.00, 85.00, 90.00, 85.00, 86.00, 25.00, 25.00, 83.00, 20.00, 20.00, 21.00, 60.00, 60.00, 20.00, 85.00, 65.00, 41.00, 41.00, 41.00, 33.00, 33.00, 63.00, 63.00, 75.00, 20.00, 40.00, 48.00, 20.00, 20.00, 22.00, 51.00, 27.00, 39.00, 19.00, 19.00, 19.00, 28.00, 19.00, 19.00, 19.00, 142.00, 48.00, 48.00, 48.00, 60.00, 120.00, 120.00, 45.00, 22.00, 45.00, 22.00, 26.00, 26.00, 26.00, 22.00, 30.00, 30.00, 30.00, 31.00, 31.00, 31.00, 26.00, 26.00, 26.00, 26.00, 30.00, 20.00, 25.00, 25.00, 25.00, 25.00, 25.00, 20.00, 65.00, 65.00, 25.00, 30.00, 30.00, 30.00, 30.00, 30.00, 25.00, 60.00, 60.00, 60.00, 25.00, 21.00, 64.00, 64.00, 21.00, 19.00, 19.00, 20.00, 20.00, 68.00, 60.00, 20.00, 21.00, 21.00, 62.00, 20.00, 19.00, 61.00, 61.00, 61.00, 61.00, 20.00, 20.00, 20.00, 20.00, 19.00, 38.00, 38.00, 19.00, 19.00, 19.00, 19.00, 19.00, 65.00, 65.00, 25.00, 25.00, 25.00, 20.00, 20.00, 30.00, 20.00, 60.00, 25.00, 25.00, 25.00, 25.00, 65.00, 25.00, 25.00, 25.00, 60.00, 60.00)

http_head<-c(15.00, 25.00, 20.00, 55.00, 20.00, 25.00, 25.00, 20.00, 65.00, 20.00, 65.00, 20.00, 20.00, 20.00, 20.00, 20.00, 85.00, 15.00, 20.00, 25.00, 90.00, 80.00, 20.00, 20.00, 19.00, 17.00, 57.00, 18.00, 84.00, 20.00, 19.00, 17.00, 19.00, 82.00, 18.00, 18.00, 21.00, 20.00, 19.00, 21.00, 19.00, 85.00, 82.00, 20.00, 19.00, 19.00, 20.00, 83.00, 18.00, 18.00, 19.00, 17.00, 18.00, 85.00, 19.00, 11.00, 18.00, 19.00, 84.00, 19.00, 20.00, 20.00, 25.00, 90.00, 25.00, 20.00, 20.00, 85.00, 25.00, 20.00, 20.00, 90.00, 90.00, 65.00, 90.00, 65.00, 20.00, 65.00, 70.00, 25.00, 25.00, 90.00, 55.00, 70.00, 65.00, 25.00, 65.00, 25.00, 70.00, 25.00, 85.00, 55.00, 70.00, 70.00, 25.00, 70.00, 60.00, 25.00, 25.00, 90.00, 85.00, 75.00, 70.00, 70.00, 70.00, 70.00, 25.00, 70.00, 20.00, 73.00, 20.00, 19.00, 18.00, 22.00, 19.00, 18.00, 19.00, 19.00, 18.00, 18.00, 25.00, 20.00, 20.00, 25.00, 20.00, 20.00, 25.00, 20.00, 20.00, 20.00, 25.00, 20.00, 20.00, 20.00, 20.00, 20.00, 50.00, 50.00, 55.00, 55.00, 50.00, 50.00, 60.00, 55.00, 110.00, 113.00, 111.00, 157.00, 160.00, 2.00, 10.00, 55.00, 80.00, 56.00, 57.00, 53.00, 47.00, 53.00, 52.00, 51.00, 52.00, 53.00, 50.00, 55.00, 82.00, 82.00, 85.00, 80.00, 95.00, 86.00, 85.00, 83.00, 86.00, 85.00, 60.00, 85.00, 25.00, 55.00, 55.00, 65.00, 20.00, 55.00, 90.00, 23.00, 23.00, 26.00, 30.00, 34.00, 28.00, 30.00, 18.00, 62.00, 87.00, 85.00, 88.00, 89.00, 89.00, 67.00, 58.00, 69.00, 40.00, 75.00, 70.00, 60.00, 145.00, 85.00, 89.00, 65.00, 20.00, 40.00, 35.00, 45.00, 75.00, 85.00, 45.00, 70.00, 20.00, 40.00, 25.00, 84.00, 23.00, 83.00, 91.00, 40.00, 86.00, 30.00, 60.00, 40.00, 25.00, 85.00, 40.00, 35.00, 90.00, 90.00, 45.00, 60.00, 45.00, 85.00, 55.00, 60.00, 20.00, 85.00, 50.00, 90.00, 90.00, 85.00, 90.00, 85.00, 85.00, 85.00, 85.00, 85.00, 85.00, 85.00, 85.00, 85.00, 80.00, 85.00, 85.00, 81.00, 106.00, 51.00, 84.00, 64.00, 49.00, 110.00, 110.00, 20.00, 50.00, 62.00, 63.00, 83.00, 41.00, 32.00, 62.00, 82.00, 61.00, 70.00, 20.00, 40.00, 48.00, 46.00, 57.00, 50.00, 18.00, 57.00, 45.00, 54.00, 113.00, 36.00, 54.00, 46.00, 57.00, 54.00, 47.00, 45.00, 100.00, 139.00, 45.00, 90.00, 45.00, 115.00, 50.00, 50.00, 52.00, 55.00, 57.00, 56.00, 52.00, 50.00, 57.00, 57.00, 55.00, 49.00, 52.00, 52.00, 52.00, 53.00, 52.00, 55.00, 55.00, 55.00, 55.00, 55.00, 55.00, 50.00, 60.00, 55.00, 65.00, 55.00, 55.00, 60.00, 110.00, 100.00, 60.00, 55.00, 185.00, 60.00, 530.00, 55.00, 55.00, 52.00, 51.00, 99.00, 112.00, 53.00, 58.00, 49.00, 57.00, 101.00, 53.00, 49.00, 54.00, 49.00, 52.00, 116.00, 56.00, 88.00, 96.00, 50.00, 195.00, 93.00, 50.00, 51.00, 85.00, 53.00, 51.00, 100.00, 49.00, 101.00, 53.00, 87.00, 55.00, 60.00, 80.00, 45.00, 55.00, 130.00, 50.00, 90.00, 55.00, 50.00, 90.00, 105.00, 55.00, 90.00, 50.00, 90.00, 95.00, 55.00, 55.00, 90.00)


plot(ecdf(((http_head/2) - tcp_open)), lty=1, col="black", pch = 16, xlab="Latency (ms)", ylab="CDF", main="Connection Setup Time vs (1/2)HTTP Head", xlim=c(-100, 110))

legend("topleft",  pch = c(16), legend=c("1/2 HTTP Head - Connection Setup "), col=c("black"))

