tcp_open <-c(75.00, 46.00, 37.00, 78.00, 86.00, 86.00, 45.00, 45.00, 45.00, 78.00, 78.00, 49.00, 49.00, 49.00, 49.00, 49.00, 54.00, 54.00, 54.00, 54.00, 54.00, 55.00, 93.00, 59.00, 59.00, 59.00, 212.00, 172.00, 172.00, 172.00, 111.00, 111.00, 78.00, 78.00, 460.00, 460.00, 493.00, 41.00, 92.00, 41.00, 75.00, 50.00, 50.00, 64.00, 64.00, 72.00, 62.00, 5.00, 65.00, 65.00, 65.00, 12.00, 16.00, 16.00, 16.00, 12.00, 65.00, 65.00, 42.00, 65.00, 39.00, 75.00, 42.00, 42.00, 34.00, 98.00, 42.00, 121.00, 121.00, 36.00, 165.00, 209.00, 165.00, 165.00, 165.00, 61.00, 61.00, 61.00, 658.00, 514.00, 229.00, 229.00, 264.00, 264.00, 165.00, 165.00, 165.00, 76.00, 74.00, 117.00, 76.00, 122.00, 122.00, 615.00, 44.00, 44.00, 44.00, 35.00, 35.00, 35.00, 35.00, 35.00, 35.00, 38.00, 38.00, 38.00, 29.00, 80.00, 32.00, 38.00, 29.00, 30.00, 29.00, 91.00, 30.00, 91.00, 58.00, 58.00, 58.00, 91.00, 58.00, 58.00, 742.00, 742.00, 742.00, 742.00, 62.00, 742.00, 62.00, 62.00, 52.00, 52.00, 52.00, 101.00, 52.00, 85.00, 64.00, 72.00, 72.00, 64.00, 72.00, 67.00, 91.00, 67.00, 67.00, 32.00, 32.00, 37.00, 64.00, 60.00, 62.00, 62.00, 60.00, 60.00, 52.00, 48.00, 101.00, 101.00, 101.00, 76.00, 101.00, 31.00, 73.00, 73.00, 73.00, 73.00, 43.00, 43.00, 43.00, 38.00, 28.00, 28.00, 114.00, 41.00, 114.00, 114.00, 45.00, 45.00, 45.00, 25.00, 33.00, 60.00, 33.00, 60.00, 33.00, 33.00, 32.00, 32.00, 32.00, 133.00, 133.00, 73.00, 73.00, 70.00, 70.00, 111.00, 111.00, 111.00, 111.00, 111.00, 196.00, 196.00, 196.00, 188.00, 319.00, 319.00, 319.00, 319.00, 319.00, 243.00, 84.00, 90.00, 90.00, 29.00, 29.00, 29.00, 29.00, 29.00, 81.00, 42.00, 90.00, 90.00, 33.00, 79.00, 79.00, 79.00, 79.00, 93.00, 93.00, 93.00, 75.00, 91.00, 91.00, 72.00, 72.00, 69.00, 78.00, 78.00, 81.00, 71.00, 76.00, 54.00, 54.00, 77.00, 77.00, 185.00, 92.00, 68.00, 68.00, 68.00, 103.00, 122.00, 122.00, 53.00, 53.00, 142.00, 68.00, 68.00, 68.00, 122.00, 60.00, 27.00, 27.00, 32.00, 70.00, 29.00, 29.00, 54.00, 52.00)

http_head<-c(112.00, 20.00, 32.00, 65.00, 72.00, 88.00, 66.00, 73.00, 27.00, 79.00, 89.00, 75.00, 85.00, 78.00, 70.00, 47.00, 59.00, 102.00, 240.00, 101.00, 118.00, 38.00, 90.00, 98.00, 170.00, 72.00, 114.00, 168.00, 248.00, 273.00, 168.00, 126.00, 99.00, 58.00, 527.00, 492.00, 555.00, 54.00, 55.00, 76.00, 117.00, 57.00, 319.00, 122.00, 52.00, 63.00, 38.00, 13.00, 57.00, 95.00, 72.00, 4.00, 3.00, 61.00, 102.00, 182.00, 60.00, 102.00, 58.00, 100.00, 53.00, 112.00, 25.00, 35.00, 50.00, 48.00, 36.00, 38.00, 43.00, 189.00, 210.00, 215.00, 167.00, 171.00, 186.00, 397.00, 437.00, 489.00, 669.00, 568.00, 107.00, 67.00, 170.00, 142.00, 130.00, 187.00, 184.00, 68.00, 97.00, 46.00, 31.00, 67.00, 146.00, 29.00, 22.00, 29.00, 62.00, 95.00, 62.00, 77.00, 66.00, 96.00, 64.00, 20.00, 63.00, 36.00, 27.00, 44.00, 24.00, 75.00, 31.00, 26.00, 69.00, 99.00, 27.00, 120.00, 481.00, 497.00, 504.00, 64.00, 527.00, 999.99, 153.00, 999.99, 999.99, 999.99, 27.00, 999.99, 46.00, 64.00, 89.00, 100.00, 127.00, 129.00, 91.00, 68.00, 68.00, 73.00, 77.00, 64.00, 84.00, 95.00, 44.00, 98.00, 64.00, 68.00, 69.00, 33.00, 85.00, 59.00, 94.00, 159.00, 58.00, 67.00, 49.00, 94.00, 125.00, 98.00, 175.00, 31.00, 110.00, 62.00, 52.00, 73.00, 68.00, 92.00, 58.00, 27.00, 42.00, 134.00, 66.00, 24.00, 82.00, 62.00, 83.00, 62.00, 63.00, 29.00, 55.00, 64.00, 24.00, 29.00, 43.00, 63.00, 228.00, 31.00, 61.00, 134.00, 33.00, 110.00, 113.00, 118.00, 119.00, 106.00, 117.00, 78.00, 141.00, 88.00, 145.00, 107.00, 169.00, 177.00, 163.00, 357.00, 355.00, 360.00, 372.00, 256.00, 273.00, 51.00, 102.00, 77.00, 114.00, 24.00, 172.00, 107.00, 61.00, 105.00, 59.00, 117.00, 180.00, 240.00, 65.00, 56.00, 125.00, 103.00, 104.00, 117.00, 103.00, 112.00, 106.00, 116.00, 204.00, 106.00, 109.00, 201.00, 115.00, 121.00, 98.00, 119.00, 96.00, 56.00, 222.00, 53.00, 74.00, 168.00, 48.00, 49.00, 61.00, 124.00, 123.00, 144.00, 57.00, 89.00, 80.00, 96.00, 51.00, 116.00, 69.00, 74.00, 104.00, 66.00, 89.00, 31.00, 19.00, 84.00, 50.00, 83.00, 84.00)


plot(ecdf((http_head - tcp_open)), lty=1, col="black", pch = 16, xlab="Latency (ms)", ylab="CDF", main="Connection Setup Time vs HTTP Head", xlim=c(-100, 110))

legend("topleft",  pch = c(16), legend=c("HTTP Head - Connection Setup "), col=c("black"))

