min_ <- c(0.0064, 0.0059, 0.0047, 0.0270, 0.0147, 0.0291, 0.0172, 0.0067, 0.0079, 0.0087, 0.0145, 0.0091, 0.0106, 0.0055, 0.0056, 0.0167, 0.0033, 0.0036, 0.1471, 0.0032, 0.0262, 0.0262, 0.0030, 0.0158, 0.0153, 0.0152, 0.0147, 0.0158, 0.0103, 0.0239, 0.0086, 0.0144, 0.0139, 0.0056, 0.0104, 0.0104, 0.0444, 0.0142, 0.1513, 0.0085, 0.0050, 0.0175, 0.0084, 0.0082, 0.0033, 0.0040, 0.0037, 0.0050, 0.0266, 0.0349, 0.0025, 0.0052, 0.0250, 0.0176, 0.0178, 0.0186, 0.0092, 0.0020, 0.0026, 0.0053, 0.0152, 0.0151, 0.0063, 0.0044, 0.0066, 0.0029, 0.0102, 0.0056, 0.0227, 0.0057, 0.0135, 0.0052, 0.0044, 0.0038, 0.0022, 0.0055, 0.0474, 0.0442, 0.0094, 0.0076, 0.0056, 0.0128, 0.0138, 0.0213, 0.0333, 0.0082, 0.0069, 0.0090, 0.0101, 0.0104, 0.1205, 0.1214, 0.0061, 0.0082, 0.0139, 0.0144, 0.0386, 0.0155, 0.2134, 0.1625, 0.0306, 0.0499, 0.1168, 0.0467, 0.0417, 0.0064, 0.0153, 0.0259)

mean_min <- c(26.51193768, 3.60708396, 0.00470769, 0.04355833, 0.13919259, 0.07974167, 0.05255000, 0.00173077, 8.03268601, 0.00188750, 0.00123333, 0.00778621, 0.03108462, 0.00874828, 14.50068071, 0.00128462, 0.17592143, 4.36769672, 0.11996364, 0.13613214, 0.03441818, 0.00126875, 31.25523988, 8.26484260, 0.03696154, 0.01526250, 0.00106364, 0.04107692, 0.07983333, 0.00101250, 0.00484375, 0.00921875, 6.87239048, 6.26213313, 6.48767745, 0.00236364, 0.05433750, 0.03280625, 0.10180625, 0.02626250, 0.01106364, 0.04187931, 0.02816000, 3.53349938, 0.08917500, 0.13639231, 0.02515556, 0.01977037, 19.07631162, 32.84337147, 21.48775851, 0.04327500, 0.02722500, 0.04875000, 0.07194747, 0.20625833, 43.33824540, 0.04975455, 0.07200357, 0.00661538, 3.87130311, 0.03096923, 0.00203077, 0.00198750, 6.44520656, 38.94493821, 8.61789459, 31.71443746, 0.72050667, 0.04084074, 0.01594615, 0.00984375, 4.52565587, 44.88238876, 0.00495172, 1.77365435, 0.01589375, 0.07828125, 0.05441891, 0.00865385, 8.79088597, 0.00168182, 0.02608750, 32.59050231, 0.01609375, 0.00123846, 22.81807768, 0.12643125, 0.12865936, 0.10224000, 0.05049231, 0.04303636, 0.03571154, 0.03257931, 10.38824569, 0.03290625, 0.01211818, 0.03725455, 0.13828462, 1.56108953, 0.00919630, 0.05165625, 0.11510000, 0.06306296, 0.02598125, 15.14791566, 5.26703383, 30.64347433)

max_min <- c(174.4476, 70.7609, 0.0108, 0.4025, 0.8939, 0.3982, 0.3881, 0.0051, 29.0061, 0.0082, 0.0025, 0.0278, 0.3917, 0.0360, 145.6653, 0.0024, 2.2487, 23.9809, 0.4879, 0.5213, 0.1580, 0.0059, 143.1751, 74.6178, 0.3979, 0.1008, 0.0023, 0.3888, 0.9116, 0.0038, 0.0315, 0.0261, 25.4277, 50.6922, 40.8575, 0.0054, 0.3974, 0.3880, 0.7665, 0.3937, 0.0909, 0.4047, 0.3978, 16.5816, 0.8991, 0.9926, 0.0661, 0.3992, 133.7342, 159.4117, 95.0577, 0.1385, 0.3974, 0.0699, 0.9443, 1.3990, 212.7843, 0.1947, 0.2484, 0.0287, 22.3671, 0.3874, 0.0073, 0.0040, 37.3452, 192.0353, 45.6690, 173.0431, 3.6342, 0.4303, 0.0906, 0.1153, 54.9418, 211.4443, 0.1043, 36.2627, 0.0983, 0.4028, 0.9561, 0.0843, 55.0773, 0.0035, 0.1423, 171.5974, 0.0897, 0.0020, 152.5980, 1.4026, 1.4803, 0.8924, 0.3145, 0.2955, 0.4067, 0.4860, 44.3085, 0.4027, 0.0573, 0.4013, 0.5502, 21.7645, 0.0124, 0.3786, 0.4152, 0.3983, 0.3773, 165.0878, 15.8629, 237.5360)

min_val = ecdf(min_)
mean_min_val = ecdf(mean_min)
max_min_val = ecdf(max_min)

plot(min_val, lty=1, col="blue", xlab="HTTP First HEAD Time (Seconds)", ylab="CDF", main="HTTP First HEAD Distribution", xlim=c(0, 2))
lines(mean_min_val, lty=2, col="red")
lines(max_min_val)

legend("bottomright",  pch =16, legend=c("Min. Time", "(Mean - Min) Time", "(Max - Min) Time"), col=c("blue", "red", "black"))

