min_ <- c(0.0063, 0.0069, 0.0061, 0.0282, 0.0162, 0.0338, 0.0180, 0.0085, 0.0060, 0.0098, 0.0166, 0.0098, 0.0105, 0.0060, 0.0063, 0.0177, 0.0050, 0.0022, 0.1493, 0.0028, 0.0257, 0.0260, 0.0036, 0.0159, 0.0140, 0.0157, 0.0157, 0.0172, 0.0100, 0.0235, 0.0084, 0.0156, 0.0130, 0.0068, 0.0114, 0.0125, 0.0454, 0.0149, 0.1526, 0.0091, 0.0056, 0.0173, 0.0089, 0.0090, 0.0035, 0.0045, 0.0038, 0.0048, 0.0259, 0.0201, 0.0018, 0.0064, 0.0249, 0.0195, 0.0178, 0.0194, 0.0036, 0.0029, 0.0027, 0.0061, 0.0173, 0.0177, 0.0067, 0.0050, 0.0076, 0.0031, 0.0103, 0.0057, 0.0216, 0.0055, 0.0154, 0.0053, 0.0043, 0.0048, 0.0027, 0.0060, 0.0477, 0.0442, 0.0101, 0.0081, 0.0056, 0.0143, 0.0149, 0.0212, 0.0343, 0.0071, 0.0026, 0.0089, 0.0111, 0.0087, 0.1240, 0.1206, 0.0065, 0.0087, 0.0142, 0.0154, 0.0398, 0.0152, 0.2118, 0.1623, 0.0307, 0.0511, 0.1205, 0.0592, 0.0410, 0.0076, 0.0156, 0.0161)

mean_min <- c(14.12050058, 3.16576258, 0.00378462, 0.04291667, 0.12163704, 0.01030000, 0.07839375, 0.00299231, 5.97801895, 0.00275625, 0.00167500, 0.05380345, 0.03126154, 0.03417586, 12.73671276, 0.00106923, 0.03797857, 3.90501045, 0.14468182, 0.14804286, 0.07541818, 0.07537500, 18.02260231, 6.23173757, 0.00604615, 0.05118125, 0.00130909, 0.01473846, 0.05401667, 0.00170000, 0.02668125, 0.08285000, 5.70618869, 5.38920149, 5.44533620, 0.00085455, 0.03220000, 0.00453750, 0.21338750, 0.05085625, 0.01224545, 0.03120690, 0.00110000, 3.73453625, 0.07258929, 0.06853077, 0.10507778, 0.00161481, 14.95045749, 18.62636937, 16.76600119, 0.05937500, 0.00290625, 0.13739167, 0.06132335, 0.12270000, 28.58811484, 0.05405455, 0.08005000, 0.00653846, 4.24845502, 0.03319231, 0.00397692, 0.05875625, 7.22097131, 27.41337821, 7.67053789, 16.71268501, 0.90414000, 0.01088519, 0.06329231, 0.00275000, 4.26416934, 26.26893373, 0.01554828, 0.73443447, 0.03366250, 0.03013125, 0.04239872, 0.00320769, 6.59477612, 0.00143636, 0.06640000, 19.69872853, 0.06046875, 0.03283846, 20.30222411, 0.11453750, 0.11038606, 0.00972000, 0.04472308, 0.01939091, 0.03573462, 0.01551724, 7.92526810, 0.08130625, 0.00698182, 0.03784545, 0.14263846, 1.61784922, 0.00945556, 0.05180625, 0.12102727, 0.03217407, 0.00303750, 13.94108705, 4.88885994, 20.73632209)

max_min <- c(161.6612, 14.6631, 0.0081, 0.3730, 0.8903, 0.0889, 0.4064, 0.0185, 20.7653, 0.0174, 0.0041, 0.9082, 0.3927, 0.4157, 98.3616, 0.0022, 0.3481, 22.6979, 0.4052, 0.6318, 0.3792, 0.3962, 125.7972, 80.5966, 0.0418, 0.3999, 0.0053, 0.0366, 0.4123, 0.0043, 0.4011, 0.4020, 25.5215, 38.9591, 57.0794, 0.0025, 0.3893, 0.0387, 1.6526, 0.4003, 0.1130, 0.4748, 0.0018, 20.5972, 0.4204, 0.4375, 0.9074, 0.0067, 201.6669, 147.6658, 102.6752, 0.4574, 0.0057, 0.4337, 0.8833, 0.4155, 214.2181, 0.4126, 0.4596, 0.0435, 120.8168, 0.3984, 0.0132, 0.9043, 222.3413, 207.6392, 45.4425, 124.3010, 3.7452, 0.0456, 0.4037, 0.0254, 42.1222, 194.2127, 0.4012, 24.9142, 0.4315, 0.3604, 1.3914, 0.0206, 42.3635, 0.0027, 0.4834, 179.8841, 0.3953, 0.3989, 154.0381, 0.9033, 1.4928, 0.0915, 0.2809, 0.0462, 0.4863, 0.3924, 24.2725, 0.4038, 0.0272, 0.3997, 0.6422, 11.1038, 0.0148, 0.3685, 0.5812, 0.3941, 0.0083, 117.8371, 18.7640, 162.4323)

min_val = ecdf(min_)
mean_min_val = ecdf(mean_min)
max_min_val = ecdf(max_min)

plot(min_val, lty=1, col="blue", xlab="HTTP GET First Bit Time (Seconds)", ylab="CDF", main="HTTP GET First Bit Distribution", xlim=c(0, 2))
lines(mean_min_val, lty=2, col="red")
lines(max_min_val)

legend("bottomright",  pch =16, legend=c("Min. Time", "(Mean - Min) Time", "(Max - Min) Time"), col=c("blue", "red", "black"))

