min_ <- c(0.0052, 0.0062, 0.0046, 0.0275, 0.0158, 0.0314, 0.0171, 0.0059, 0.0077, 0.0082, 0.0143, 0.0080, 0.0100, 0.0052, 0.0056, 0.0170, 0.0118, 0.0023, 0.1547, 0.0023, 0.0256, 0.0255, 0.0025, 0.0156, 0.0149, 0.0155, 0.0152, 0.0157, 0.0091, 0.0234, 0.0082, 0.0144, 0.0111, 0.0055, 0.0112, 0.0103, 0.0451, 0.0147, 0.1502, 0.0091, 0.0051, 0.0161, 0.0088, 0.0088, 0.0028, 0.0037, 0.0036, 0.0049, 0.0253, 0.0233, 0.0020, 0.0059, 0.0243, 0.0184, 0.0175, 0.0178, 0.0029, 0.0019, 0.0016, 0.0055, 0.0137, 0.0145, 0.0072, 0.0049, 0.0060, 0.0025, 0.0095, 0.0051, 0.0218, 0.0050, 0.0133, 0.0058, 0.0046, 0.0034, 0.0023, 0.0052, 0.0478, 0.0438, 0.0090, 0.0077, 0.0054, 0.0121, 0.0128, 0.0208, 0.0327, 0.0076, 0.0076, 0.0080, 0.0103, 0.0103, 0.1229, 0.1207, 0.0065, 0.0087, 0.0138, 0.0151, 0.0384, 0.0158, 0.2110, 0.1633, 0.0312, 0.0499, 0.1222, 0.0465, 0.0397, 0.0066, 0.0147, 0.0255)

mean_min <- c(15.77772638, 3.38718459, 0.00459231, 0.07774167, 0.05094815, 0.07690833, 0.03526875, 0.08366154, 5.79271516, 0.00192500, 0.00206667, 0.03578621, 0.04023846, 0.00663448, 11.72910682, 0.03109231, 0.16475000, 4.37789612, 0.18840000, 0.14470714, 0.00443636, 0.05150625, 21.28895347, 6.90598728, 0.23945385, 0.00305625, 0.00061818, 0.04553077, 1.60091667, 0.00185000, 0.00099375, 0.03295000, 6.20704911, 5.68612627, 5.38197745, 0.01080909, 0.03435625, 0.00843125, 0.06483750, 0.05266875, 0.04804545, 0.05860345, 0.00137333, 3.61314875, 0.06155357, 0.09706154, 0.11548519, 0.00541852, 16.97621804, 22.00921411, 18.97751194, 0.10319375, 0.02853750, 0.10563333, 0.06241206, 0.03075000, 28.82923412, 0.03358182, 0.10900714, 0.03714615, 3.95956298, 0.01131538, 0.10125385, 0.00201250, 5.28000246, 28.18911164, 7.64490370, 23.78357262, 0.59226444, 0.04081111, 0.00990000, 0.04074375, 4.41047966, 25.50342692, 0.00148621, 1.27909596, 0.07220000, 0.02981250, 0.06043333, 0.00183846, 7.49413134, 0.00150909, 0.07866250, 19.64348271, 0.04086875, 0.00154615, 17.20869286, 0.09076250, 0.12679761, 0.01041333, 0.10896154, 0.04502727, 0.00110000, 0.01560690, 8.10637586, 0.11016875, 0.05140000, 0.03590000, 0.02626154, 1.78830930, 0.06839630, 0.00505625, 0.08300000, 0.07804074, 0.03414375, 13.72445964, 4.90588932, 22.38198448)

max_min <- c(133.5179, 16.6814, 0.0069, 0.9060, 0.9077, 0.4017, 0.3898, 1.0596, 26.6088, 0.0055, 0.0090, 0.4057, 0.4000, 0.0367, 81.1760, 0.3938, 1.9031, 27.5602, 0.8556, 0.4994, 0.0227, 0.3911, 142.0931, 86.0856, 3.0711, 0.0142, 0.0026, 0.4300, 37.1585, 0.0113, 0.0016, 0.3928, 26.8792, 40.7232, 29.4117, 0.0996, 0.3670, 0.0876, 0.5292, 0.3972, 0.4226, 0.3935, 0.0017, 38.1612, 0.4164, 0.4869, 0.9467, 0.1040, 203.1488, 219.0205, 108.9070, 0.4319, 0.4111, 0.4500, 0.4476, 0.1011, 174.6497, 0.1744, 0.4259, 0.3959, 17.3277, 0.1078, 0.8863, 0.0048, 34.0125, 179.7016, 32.5625, 145.1345, 3.0058, 0.4553, 0.0899, 0.3990, 66.5702, 165.6189, 0.0023, 41.8956, 0.4041, 0.3757, 0.9015, 0.0040, 70.3162, 0.0032, 0.3997, 177.3104, 0.3772, 0.0029, 136.8618, 0.9106, 1.1166, 0.1206, 0.3530, 0.3229, 0.0019, 0.4091, 23.6466, 0.4095, 0.4147, 0.3858, 0.2869, 14.1272, 0.8904, 0.0129, 0.4715, 0.4182, 0.3859, 93.1994, 17.5379, 138.1022)

min_val = ecdf(min_)
mean_min_val = ecdf(mean_min)
max_min_val = ecdf(max_min)

plot(min_val, lty=1, col="blue", xlab="HTTP Second HEAD Time (Seconds)", ylab="CDF", main="HTTP Second HEAD Distribution", xlim=c(0, 2))
lines(mean_min_val, lty=2, col="red")
lines(max_min_val)

legend("bottomright",  pch =16, legend=c("Min. Time", "(Mean - Min) Time", "(Max - Min) Time"), col=c("blue", "red", "black"))

