tcp_connection_time_max <- c(0.434853076935, 0.41379904747, 3.91919207573, 1.46945786476, 3.48961997032, 0.953634023666, 0.443159103394, 0.921095132828, 0.910599946976, 0.933151960373, 2.2998282794, 0.472903013229, 0.954077005386, 0.424336910248, 0.934747934341, 5.20258307457, 0.465054988861, 0.534888982773, 0.501548051834, 3.02016305923, 0.442802906036, 1.01586198807, 1.00236606598, 3.01549816132, 0.476351976395, 5.20156002045, 0.633069038391, 0.911571025848, 0.963546037674, 0.501145124435, 0.911046981812, 0.487801074982, 0.922796964645, 0.473247051239, 0.460175037384, 0.911664962769, 0.500664949417, 0.528976917267, 0.407840967178, 0.403195142746, 0.426162958145, 0.965435028076, 2.22731900215, 0.439476966858, 3.00254487991, 0.915787935257, 0.9411277771, 0.990006923676, 0.910936117172, 0.929035186768, 0.957439184189, 5.21262598038, 0.482714891434, 0.510792016983, 0.872078895569, 1.20339298248, 0.949788808823, 0.49774312973, 0.411139011383, 1.00012898445, 1.97310709953, 0.434113025665, 1.06027007103, 0.480533838272, 0.974236011505, 0.964519023895, 2.49464416504, 0.92461681366, 0.564856052399, 0.444034099579, 0.500756025314, 0.499078035355, 0.469887018204, 0.920783042908, 5.54966940935, 3.24991229358, 0.150146327009, 7.87402729257, 1.41430997849, 0.401751995087, 3.00189185143, 0.488740921021, 3.59633898735, 0.955017089844, 0.995685100555, 5.16954398155, 0.470169067383, 0.947573184967, 2.91093397141, 1.94076395035, 0.426104068756, 3.00215506554, 2.47973012924, 0.464495897293, 0.911900043488, 0.950906038284, 7.5810634956, 0.51943898201, 0.959640979767, 0.415938854218, 0.426603078842, 3.00957393646, 0.915966033936, 0.562469005585, 5.2019431591, 0.440639019012, 0.501950979233, 5.20340108871, 0.931088924408, 0.402997970581, 0.914599895477, 0.912237882614, 0.485175848007, 0.405425071716, 5.00214719772, 0.977621078491, 0.473991155624, 0.474774837494, 0.54940199852, 0.927065134048, 1.4850859642, 0.901957988739, 0.537170886993, 1.97804713249, 5.201182127, 0.461108922958, 0.906872034073, 1.40834999084, 1.40062594414, 0.938409805298, 0.415744066238, 0.924054861069, 5.38332104683, 3.18687582016, 0.56967997551, 0.477745056152, 5.22303295135, 0.952781200409, 2.22542119026, 0.967859983444, 0.922190904617, 0.738713026047, 0.953487873077)

tcp_connection_time_avg <- c(0.0127519018509794, 0.0311194140286683, 0.075125321469142, 0.0562680928138959, 0.0549674785498238, 0.0552501759286622, 0.0364804985702665, 0.0723015318314138, 0.062385284562212, 0.0720984176850639, 1.10059002961864, 0.0333057641983031, 0.0678581275801772, 0.050208902036828, 0.0291881870340429, 0.0676027999204859, 0.062305215527019, 0.0899407682418804, 0.0305380668395582, 0.0492352963682896, 0.0360548606685475, 0.103312823711323, 0.126839783456603, 0.118151923159672, 0.0611306366168158, 0.15605294172933, 0.101243927123734, 0.110010645606323, 0.158016161042803, 0.130976915359499, 0.0319533115994621, 0.0477386128668638, 0.0712551966048295, 0.0596674580534004, 0.0377965751959327, 0.0381017202388794, 0.0265391632952811, 0.0842960779391192, 0.0360845512067687, 0.0465896894902086, 0.0425862371921611, 0.117538242805296, 0.115690027358201, 0.0581909860883359, 0.0494612628724355, 0.0399601070777193, 0.0523486416786975, 0.0684473503719696, 0.0287594857968726, 0.0709770990721324, 0.0726750956641336, 0.386097012625702, 0.0882197088665834, 0.0504382984978714, 0.100854776122341, 0.103136163574046, 0.0481412259701688, 0.0180565387430303, 0.0274338472902352, 0.0848394610466135, 0.0751962192317849, 0.023333441222076, 0.156859970454001, 0.0625709020174346, 0.0565319061279303, 0.094573146104774, 0.0984290740842056, 0.0854171046728114, 0.08406012275002, 0.0259625189740961, 0.0955711929571007, 0.0579638943191635, 0.0528149099673313, 0.067222946154407, 0.528263893278805, 0.250210135518472, 0.0563088544248583, 0.79860831698844, 0.11494279071081, 0.0260849055368474, 0.0998974662740551, 0.119332332459711, 0.0788453764385528, 0.0331719500569054, 0.0793342757126712, 0.752932541476999, 0.0390872708682373, 0.0457714425795004, 0.0486411903857932, 0.0985633502329177, 0.031164880456585, 0.0090382171064447, 0.0548426526965492, 0.0316447672636606, 0.0438111360583989, 0.0568650161993052, 0.553185767535899, 0.0534896120998984, 0.0933934610786166, 0.0400390310601669, 0.0174197721621923, 0.0626650735735747, 0.0205700387935601, 0.0965427811612707, 0.114921732952697, 0.0574717891627302, 0.0567809466657931, 0.0705059450655189, 0.101590251022894, 0.0266588315242412, 0.0733401267882763, 0.117156031297478, 0.051075929048045, 0.0186609526475229, 0.35455591432486, 0.0808324108791763, 0.013517877754492, 0.0450774272282899, 0.118205117061725, 0.0983737416154565, 0.107076456091964, 0.112956488574004, 0.116143252538584, 0.248652833179165, 0.311615425109838, 0.079344295686271, 0.0910982069834972, 0.0863791226653415, 0.0324415886564835, 0.0719821839719164, 0.0599183963269439, 0.0573391035983406, 0.693448544765061, 0.241412394296341, 0.134780971820506, 0.0632921381199426, 0.394158146999495, 0.109841717211415, 0.105535888918917, 0.074148889187665, 0.0443354633584134, 0.0791267346779117, 0.0497372670726893)

