min_ <- c(0.0038, 0.0011, 0.0027, 0.0255, 0.0144, 0.0277, 0.0147, 0.0035, 0.0020, 0.0071, 0.0125, 0.0061, 0.0090, 0.0040, 0.0039, 0.0144, 0.0017, 0.0012, 0.1448, 0.0009, 0.0247, 0.0245, 0.0012, 0.0131, 0.0136, 0.0134, 0.0134, 0.0136, 0.0081, 0.0211, 0.0059, 0.0122, 0.0069, 0.0042, 0.0046, 0.0085, 0.0421, 0.0126, 0.1491, 0.0070, 0.0034, 0.0150, 0.0070, 0.0047, 0.0008, 0.0015, 0.0014, 0.0033, 0.0134, 0.0140, 0.0008, 0.0037, 0.0227, 0.0160, 0.0160, 0.0163, 0.0009, 0.0008, 0.0008, 0.0042, 0.0119, 0.0128, 0.0052, 0.0036, 0.0015, 0.0013, 0.0075, 0.0037, 0.0202, 0.0037, 0.0130, 0.0037, 0.0007, 0.0013, 0.0007, 0.0043, 0.0461, 0.0424, 0.0084, 0.0059, 0.0032, 0.0104, 0.0106, 0.0133, 0.0307, 0.0064, 0.0006, 0.0073, 0.0095, 0.0079, 0.1173, 0.1173, 0.0047, 0.0064, 0.0005, 0.0132, 0.0369, 0.0142, 0.2082, 0.0416, 0.0283, 0.0479, 0.1199, 0.0461, 0.0393, 0.0015, 0.0078, 0.0019)

mean_min <- c(0.01199826, 0.03392987, 0.00396154, 0.00091667, 0.00136667, 0.00576667, 0.06103750, 0.00170769, 0.02410787, 0.07476250, 0.00025000, 0.02030345, 0.00022308, 0.03249655, 0.03216647, 0.00083077, 0.01743571, 0.15763015, 0.07210000, 0.11548214, 0.07014545, 0.00078750, 0.00887428, 0.01890089, 0.00020769, 0.00025000, 0.03634545, 0.00973846, 0.00864583, 0.00088750, 0.00055000, 0.19600625, 0.07362440, 0.01673881, 0.03018635, 0.03725455, 0.00485625, 0.02722500, 0.07931875, 0.02505625, 0.00030000, 0.00077931, 0.00044000, 0.02226625, 0.04850714, 0.09291538, 0.06574815, 0.01515926, 0.09673089, 0.07555646, 0.01788597, 0.03363750, 0.02688125, 0.04725000, 0.07258288, 0.05162500, 0.03112018, 0.03230000, 0.07220000, 0.03280000, 0.18008408, 0.00036154, 0.03280769, 0.00029375, 0.02747377, 0.02520597, 0.01888689, 0.05386081, 0.64281556, 0.02204444, 0.00080000, 0.00165625, 0.01745845, 0.01424882, 0.00020690, 0.02709286, 0.06811875, 0.06035625, 0.02749295, 0.00139231, 0.01003701, 0.00037273, 0.08780000, 0.04701268, 0.05311875, 0.00023077, 0.01736548, 0.01009375, 0.08520478, 0.00823333, 0.10365385, 0.07270909, 0.00039615, 0.00124828, 0.03055690, 0.03334375, 0.02748182, 0.03570909, 0.11583077, 0.31803682, 0.00882593, 0.02811875, 0.04367273, 0.01555556, 0.00248125, 0.05578404, 0.02017448, 0.07291881)

max_min <- c(0.9051, 2.0140, 0.0084, 0.0022, 0.0071, 0.0084, 0.8987, 0.0049, 0.9036, 0.3968, 0.0005, 0.3987, 0.0005, 0.4258, 0.8966, 0.0021, 0.0292, 0.5199, 0.3558, 0.5365, 0.3886, 0.0054, 0.4107, 0.4037, 0.0005, 0.0006, 0.3960, 0.0150, 0.0113, 0.0024, 0.0044, 2.9996, 6.7934, 0.4055, 2.5876, 0.3974, 0.0144, 0.3988, 0.3523, 0.3950, 0.0012, 0.0015, 0.0010, 0.8999, 0.4147, 0.4287, 0.4299, 0.3992, 6.3873, 0.4881, 0.4469, 0.0618, 0.3958, 0.0696, 0.8971, 0.4242, 0.9136, 0.1769, 0.4552, 0.4011, 5.9234, 0.0034, 0.4017, 0.0009, 1.4045, 0.9168, 3.0004, 0.9582, 2.6738, 0.4046, 0.0024, 0.0247, 0.4117, 0.9014, 0.0005, 0.4838, 0.3678, 0.8791, 0.4290, 0.0031, 0.4040, 0.0020, 0.5976, 0.4880, 0.3843, 0.0008, 0.4129, 0.0214, 0.9498, 0.0936, 0.3381, 0.3282, 0.0009, 0.0051, 0.9090, 0.4192, 0.0768, 0.3912, 0.4635, 3.2162, 0.0117, 0.3836, 0.3560, 0.3636, 0.0067, 1.4769, 0.8975, 1.4115)

min_val = ecdf(min_)
mean_min_val = ecdf(mean_min)
max_min_val = ecdf(max_min)

plot(min_val, lty=1, col="blue", xlab="TCP Connection Time (Seconds)", ylab="CDF", main="TCP Connection Distribution", xlim=c(0,1))
lines(mean_min_val, lty=2, col="red")
lines(max_min_val)

legend("bottomright",  pch =16, legend=c("Min. Connection Time", "(Mean - Min) Connection Time", "(Max - Min) Connection Time"), col=c("blue", "red", "black"))

