min_ <- c(0.00259304046631, 0.00379800796509, 0.000407934188843, 0.00178694725037, 0.00253415107727, 0.000930070877075, 0.00323510169983, 0.0144579410553, 0.0153229236603, 0.0146698951721, 0.00249505337707, 0.00344896316528, 0.0019268989563, 0.00620794296265, 0.00153398513794, 0.00313115119934, 0.00136590003967, 0.00845289230347, 0.00409317016602, 0.00400400161743, 0.00390601158142, 0.00903296470642, 0.0122518539429, 0.00434613227844, 0.0159931182861, 0.00122904777527, 0.00552797317505, 0.0227148532867, 0.000648975372314, 0.000653028488159, 0.00078296661377, 0.000741958618164, 0.00138998031616, 0.0132398605347, 0.0132641792297, 0.0132071971893, 0.00716686248779, 0.00716495513916, 0.00728702545166, 0.00732421875, 0.00804996490479, 0.00329303741455, 0.0065598487854, 0.00605893135071, 0.00266194343567, 0.00295400619507, 0.00582385063171, 0.00660014152527, 0.00684094429016, 0.00423693656921, 0.00432515144348, 0.00439500808716, 0.0062780380249, 0.00732898712158, 0.00628805160522, 0.00742888450623, 0.00098991394043, 0.00270986557007, 0.00972604751587, 0.00171208381653, 0.00158500671387, 0.000804901123047, 0.00133585929871, 0.00131487846375, 0.00139093399048, 0.00335597991943, 0.0133099555969, 0.0138309001923, 0.0137839317322, 0.000802993774414, 0.00358104705811, 0.0169529914856, 0.0159618854523, 0.0159327983856, 0.0190196250769, 0.0229659327088, 0.0223656167765, 0.0146230804821, 0.016242980957, 0.000795841217041, 0.000718116760254, 0.000713109970093, 0.000749826431274, 0.00991296768188, 0.00650906562805, 0.0414221286774, 0.00200605392456, 0.000870943069458, 0.000974893569946, 0.000827074050903, 0.00273299217224, 0.00145101547241, 0.00754404067993, 0.00713205337524, 0.00382709503174, 0.00177383422852, 0.0158859245795, 0.000677824020386, 0.000787019729614, 0.000623941421509, 0.000643014907837, 0.00158786773682, 0.000980138778687, 0.00428605079651, 0.0457880496979, 0.0147819519043, 0.00849390029907, 0.00234293937683, 0.00323510169983, 0.00330519676208, 0.0104820728302, 0.0103940963745, 0.0132150650024, 0.00512504577637, 0.223854064941, 0.0112249851227, 0.000569820404053, 0.000574111938477, 0.00136804580688, 0.00953221321106, 0.00163507461548, 0.0180549621582, 0.018079996109, 0.0408809185028, 0.183364868164, 0.00249600410461, 0.00210499763489, 0.0062141418457, 0.00402283668518, 0.00108814239502, 0.0197999477386, 0.00438785552979, 0.0374491214752, 0.0416240692139, 0.00428104400635, 0.0167620182037, 0.0398111343384, 0.0312669277191, 0.0310409069061, 0.00147986412048, 0.00748705863953, 0.00176286697388, 0.0020010471344)

mean_min <- c(0.0102657977114873, 0.025796826245032, 0.0656471891350417, 0.0529465927043395, 0.0492391057804222, 0.0543201050515872, 0.0275885489134642, 0.0545324969217771, 0.047062360901912, 0.0517859908117951, 1.09809497624157, 0.0266232646467348, 0.0567164690066613, 0.0339530622455443, 0.0198742776814075, 0.0621991912159453, 0.060939315487349, 0.0765679754236653, 0.0264448966735382, 0.0449490597314837, 0.034664341828706, 0.0796942805113286, 0.0684812582455939, 0.0985329955123643, 0.0451375183307158, 0.15482389395406, 0.127566136684537, 0.0872957923196231, 0.157367185670489, 0.117604983996054, 0.0361891635740674, 0.0490227278809922, 0.0565595510122818, 0.0428683695274955, 0.0243352191655039, 0.0237200036850543, 0.0191160667396512, 0.0703357803194022, 0.0233809351921039, 0.0392654707402086, 0.0345688017245348, 0.114245205390746, 0.103044003543289, 0.0396131554035152, 0.0467993194367655, 0.0370061008826493, 0.0438694318135687, 0.0525729536152566, 0.0462002459026478, 0.0627562838442258, 0.0637748925843868, 0.381702004538542, 0.0511814337510602, 0.033174873602507, 0.126019751398188, 0.119938036373649, 0.0442382593114832, 0.0145761485685344, 0.0197964788793151, 0.0753714710111959, 0.0637780070807736, 0.0220202898222282, 0.122885266939782, 0.0612560235536846, 0.0493272145589122, 0.0743087622546153, 0.0888019392928766, 0.0707111446945611, 0.07027619101782, 0.027193395411916, 0.0848921024737469, 0.0361744799191386, 0.0374375446555304, 0.056004354558866, 0.509244268201905, 0.227244202809672, 0.0339432376483583, 0.78398523650634, 0.0932439366977138, 0.0446289306965142, 0.0954347800944023, 0.100400931161395, 0.0498918230469098, 0.0232589823750254, 0.0681002100440615, 0.688765787639871, 0.0254868375843999, 0.040773103668421, 0.0512606862476, 0.100350770650728, 0.0183620236690313, 0.00785835986507893, 0.0442960799350668, 0.0169627281183726, 0.0399840410266589, 0.0357723451181369, 0.538024868702792, 0.0510279547493356, 0.0789407169117655, 0.0272635805526705, 0.016310559018793, 0.0480244783086381, 0.0200926440231723, 0.0447319054353299, 0.0623972517687665, 0.0426898372584302, 0.0478881725243137, 0.0638008032658454, 0.0657798517040943, 0.022806048393251, 0.0597597240236694, 0.0952746757754584, 0.0460698843002739, 0.0135359068711529, 0.131710432624108, 0.06149145762124, 0.0126261237245117, 0.0445033152898129, 0.116837071254845, 0.0790262343519656, 0.0946385540487336, 0.0963150735460323, 0.107355163117069, 0.208074835591789, 0.128250556945838, 0.0424680908520947, 0.0813286220684679, 0.0775861398610739, 0.0271304130758941, 0.0605336066448304, 0.0401184485883439, 0.0512905921786914, 0.537671252498539, 0.198228101850011, 0.0936585422453559, 0.0508938130210624, 0.275332690721515, 0.0726721861465375, 0.0657123353283541, 0.0687940669060639, 0.0354957276571844, 0.0786890180071319, 0.0499492639587046)

