mean_min <- c(29.155313, 10.121046, 24.438202, 3.413918, 23.338736, 73.764614, 46.792453, 69.402985, 91.800000, 80.996885, 19.621039, 42.568371, 25.882353, 27.242960, 52.169743, 95.111848, 33.186675, 28.002948, 36.560419, 18.617461, 89.918256, 85.207101, 2.965159, 27.655311, 47.200462, 2.896032, 34.423898, 49.884982, 17.043271, 17.268159, 5.950979, 44.981478, 43.373494, 38.381201, 40.260951, 52.657219, 24.704814, 18.584071, 23.834989, 4.355109, 25.749168, 21.227049, 32.229710, 10.029601, 27.134876, 52.483192, 97.047970, 92.694064, 54.498270, 55.088702, 25.009195, 19.879518, 68.525180, 89.966924, 70.027397, 86.923801, 35.068493, 26.503067, 91.148776, 7.969951, 60.952381, 36.644295, 63.385354, 61.855670, 21.316405, 44.009780, 82.227351, 5.910893, 18.914474, 58.684370, 16.068867, 5.479452, 8.436327, 16.703939, 27.475181, 34.285714, 37.370535, 19.603165, 57.964792, 49.569707, 77.941176, 71.978830, 17.794254, 40.762813, 52.964779, 52.996845, 54.422303, 43.382016, 21.833360, 1.841709, 100.000000, 44.750430, 42.447130, 12.951966, 73.584906, 22.005208, 76.677316, 72.536253, 24.131490, 10.056322, 14.798042, 66.666667, 27.495908, 21.964856, 92.794376, 17.575454, 59.615385, 59.442724, 90.494297, 88.541667, 91.217257, 78.143713, 28.438662, 31.475410, 86.917960, 71.590909, 4.091247, 19.047619, 40.115138, 56.697674, 21.962617, 21.671388, 30.975089)

max_min <- c(0.649351, 0.550001, 5.753968, 0.873362, 6.250000, 23.423423, 16.847826, 24.800000, 56.043956, 70.652174, 11.470588, 5.233918, 6.766917, 0.643501, 18.181818, 90.109890, 11.956522, 16.344086, 17.207792, 3.126879, 50.000000, 72.727273, 0.064893, 10.502283, 20.152091, 0.166003, 11.340206, 6.860707, 0.298178, 1.736973, 1.452394, 18.072289, 22.857143, 4.778157, 25.000000, 9.508197, 14.468085, 4.294479, 15.000000, 1.941748, 7.967033, 2.541828, 3.918495, 1.557430, 4.456094, 30.555556, 94.265233, 86.382979, 33.870968, 17.052023, 2.038369, 0.939368, 14.464692, 55.737705, 43.558282, 67.346939, 17.112299, 3.797468, 58.407080, 1.276208, 27.586207, 15.662651, 13.580247, 28.571429, 7.357860, 31.250000, 40.084388, 0.928240, 1.468891, 24.079190, 3.641882, 2.727273, 4.125413, 1.112347, 6.311637, 16.161616, 27.419355, 4.605263, 17.241379, 9.160305, 47.747748, 31.034483, 2.841918, 15.200000, 8.088235, 37.837838, 3.914591, 4.283054, 0.956480, 0.191550, 100.000000, 7.299270, 1.923077, 0.839793, 46.428571, 4.887218, 48.387097, 47.777778, 4.569892, 1.385390, 1.914580, 19.101124, 6.993007, 0.716146, 84.615385, 2.439024, 32.631579, 22.695035, 80.952381, 66.666667, 79.741379, 64.444444, 9.912536, 4.878049, 57.142857, 58.333333, 0.216700, 0.558659, 4.740406, 11.557789, 2.529511, 4.509284, 13.051823)

mean_min_val = ecdf(mean_min)
max_min_val = ecdf(max_min)

plot(mean_min_val, lty=1, col="grey", pch = 16, xlab="%", ylab="CDF", main="Connection Setup Time Percentage Difference with IPs returned by all DNS", xlim=c(0, 100))
lines(max_min_val, pch = 17)

legend("bottomright", pch = c(16, 17), legend=c("(Min/Mean)%", "(Min/Max)%"), col=c("grey", "black"))

