ldns_google <- c(-0.413461538461539, 501, -123.333333333333, 0.138888888888889, -5.16666666666666, -0.291666666666664, -35, 64.8333333333333, 7.66666666666666, -218.111111111111, -507.604166666667, 56.1666666666667, 19.3333333333333, -31.2058823529412, -1.25, 44.3333333333333, -10, 9.33333333333334, -4.7875, -2.83333333333334, 522.5, -34, 16.5476190476191, 44.6666666666667, -135.333333333333, 0.199999999999999, 30.1666666666667, 0.0277777777777786, 37.3333333333333, -130.166666666667, -10.625, 41.3333333333333, -5.43333333333333, -29.3333333333333, -684, -25.3333333333333, 602.166666666667, -263, -10.5, -219, 33, 7.33333333333333, 3.58333333333334, -7.41666666666667, -105.833333333333, -8, -5.33333333333333, -1.5, 41, -0.125, -353.5, 9, 67.1666666666667, -10.5, 15.6666666666667, -65.0238095238095, -0.75, 251.666666666667, 197.833333333333, 12.3333333333333, 75.25, -801.125, -36.2619047619048, 236.833333333333, 43, 44, 1.61640211640212, 0.875, -70.6666666666667, 68.5, 1.05555555555556, 3.66666666666667, -31.0833333333333, 21.0833333333333, 4.29700854700855, -55.375, 525.576923076923, 20.9722222222222, 0.1425, -125.715277777778, 15.5, -36.25, 18.1666666666667, -0.833333333333336, -4.66666666666666, 155.6, 24.1666666666667, 30.8333333333333, 12.1111111111111, 1.83333333333333, 47.5, -243.583333333333, 39.5, 37.5, 4.33333333333334, 10.8333333333333, 418, 5.5, -28.9166666666667, -29.5, -7.83333333333333, -3.35714285714286, -9.80555555555556, 1.33333333333334, 36.5, -83.375)

ldns_03 <- c(-0.455128205128205, 318.166666666667, 35.6666666666667, -143.25, 45, 24.375, -74.3333333333333, 23.3333333333333, 60, 19.2361111111111, 220.941666666667, 71, 18.5416666666667, -2.06666666666666, 177.75, -122.833333333333, -108.166666666667, 65.6666666666667, -592.770833333333, -121.916666666667, 509.5, -47.3333333333333, -296.202380952381, 7.58333333333334, 231, -9.26666666666667, 30.1666666666667, 2.27777777777778, -1.08333333333333, 130.166666666667, -50.1875, -134.166666666667, -130.722222222222, 63.8333333333333, 15.1666666666667, 602.166666666667, 100, -22.9166666666667, 33, -70.6666666666667, 107.416666666667, -0.25, 190.833333333333, 73.8333333333333, 81, 92, -12.8333333333333, 2.79166666666666, 45.8107843137255, 9, 49.3333333333333, -1.58333333333334, 40.1666666666667, 2.84285714285713, -2.5, -529.833333333333, 197.833333333333, 62.6666666666667, 78.75, 789.25, -21.0625, 137, -139, 9.66666666666666, 4.5904761904762, 8.125, 30.1666666666667, 68.5, 2.72222222222222, -0.666666666666668, 37.5833333333333, 8.48958333333334, 17.7692307692308, -58.5, -2840.58974358974, 34.3888888888889, 0.365714285714286, -67.7111111111111, -4.33333333333333, -54.5833333333333, 3.16666666666667, -27.5, -12.8333333333333, 795, -17.3888888888889, 30.8333333333333, 25.1111111111111, -7, 47.5, 175.916666666667, 39.5, 75.8333333333333, 39, 46.5, 16.5, 0, 17.6666666666667, -18.5, -53.3333333333333, -1.16666666666667, 15.2222222222222, 0, 36.5, -37.25)

ldns_222 <- c(0.961538461538461, 764.333333333333, -125.666666666667, 0.111111111111111, -13.6666666666667, -0.625, -41.25, 64.8333333333333, -57.1666666666667, 218.111111111111, 175.233333333333, 26, 15.3833333333333, -4.98333333333333, 177.75, 44.3333333333333, 77.3333333333333, -701.333333333333, -73.5208333333333, 43.1666666666667, 522.5, -110.125, 57.5476190476191, -14.4166666666667, 192, -33.0238095238095, -3.66666666666667, -0.388888888888889, -4.16666666666666, -29.8333333333333, 41.3333333333333, 0.611111111111111, -111.5, -287.666666666667, 109.166666666667, 247.166666666667, -80, -24.8333333333333, -271, -20, 90.3333333333333, 3.25, 66.5833333333333, 28.8333333333333, 73.8333333333333, 81, 4.33333333333333, 41, -14.5416666666667, 1.31666666666666, -16.5, 67.1666666666667, -8.16666666666667, 40.1666666666667, -49.1904761904762, 103.75, 250.952380952381, 197.833333333333, 62.6666666666667, 78.75, -39.75, -15.9791666666667, 158.833333333333, 43, 1.5, -0.507440476190474, -11.2916666666667, 30.1666666666667, 2, 0.638888888888889, -1.5, -30.9166666666667, 17.9404761904762, -0.873626373626379, -346.75641025641, 96.7222222222222, 0.73, 50.2282828282828, 15.5, -139.083333333333, 2.16666666666667, -22.1333333333333, -82, -855, -39.1666666666667, 10.6666666666667, 50.9444444444444, -1.83333333333334, 0.166666666666664, 195.75, 39.5, 28.5, -1, 46.5, 418, -8.16666666666666, 17.6666666666667, -0.166666666666668, -3444.83333333333, -0.5, -13.5753968253968, 28.1666666666667, -2.5, 130.75)

ldns_google_val = ecdf(ldns_google)
ldns_03_val = ecdf(ldns_03)
ldns_222_val = ecdf(ldns_222)

plot(ldns_google_val, lty=1, col="grey", pch = 16, xlab="Time Difference (ms)", ylab="CDF", main="DNS Server Selection based on Avg. Connection Setup Time", xlim=c(-400, 400))
lines(ldns_03_val, pch = 17, col = "black")
lines(ldns_222_val, pch = 18, col = "red")

legend("bottomright",  pch = c(16, 17, 18), legend=c("LDNS - Google's DNS", "LDNS - Open DNS 1", "LDNS - Open DNS 2"), col=c("grey", "black", "red"))

