ldns_google <- c(0.201388888888886, -25.6111111111111, -248.5, -6.25, -25.1666666666667, -11.7222222222222, -122.833333333333, 375, 9.83333333333334, -775.666666666667, -1353.6875, 125.833333333333, 48.1111111111111, -85.8823529411765, 145.25, 245, -353.333333333333, 44, 14.3125, 4.5, 4.83333333333333, -204, -178.946428571429, 1201.08333333333, -435.333333333333, -4.97916666666666, 90.5, -1.72222222222223, 120.555555555556, -752.833333333333, -37.75, 993.5, -18.8666666666667, 77.6666666666667, -1957.5, -738.666666666667, 1649, 77.5, -24.375, -4453, 118.833333333333, 127, 117.5, 17.1666666666667, -160.333333333333, -165.5, -3.33333333333337, -167.666666666667, 95.25, 45.9166666666667, -19007.5, 33.3333333333333, 283.333333333333, -38.125, 31, -13.5952380952381, 50.75, 1318.04166666667, 1867.16666666667, 11.5, 204.5, -4353.25, -122.635531135531, 953.833333333333, 136, 136.75, 39.1375661375661, 11.9166666666667, -201.5, 308.666666666667, 5.44444444444444, -0.9, -94.3333333333333, 48.6190476190476, 43.8803418803419, -190.25, 53.0384615384615, -38.1666666666667, 88.6538461538461, -344.8125, 51.8333333333333, -113.916666666667, 101.566666666667, -6.45833333333331, -122.833333333333, -416.4, -1.44444444444445, 63.1666666666667, 12.1666666666667, 5.5, 182.5, -62.2916666666667, 135.5, 602, 3, 99.5, 18523, 16.25, -26.9166666666667, -113.166666666667, -10.6666666666667, -312.5, -31.2777777777778, 0.333333333333329, 1107.5, -105.875)

ldns_03 <- c(-3.23611111111111, -429.027777777778, 497.333333333333, -429.583333333333, 192.166666666667, 11.5, -390.166666666667, 34, 214.5, 4.91666666666663, 501.4, 150.166666666667, 42.1944444444444, -6.34999999999999, 862.25, -347.166666666667, -380.166666666667, 228.666666666667, -580.229166666667, 4.10714285714286, 1.83333333333333, -297.5, -26.5714285714286, -890.527777777778, 1378.5, 3.95416666666667, 90.5, 5.77777777777777, -3.27777777777777, 752.833333333333, -181.6875, 269, -373.277777777778, 1035.16666666667, -230.666666666667, 1649, 398.5, -78.0833333333333, 118.833333333333, 96.0000000000001, 904.583333333333, 6.5, 537.666666666667, 249, 350.833333333333, 749.166666666667, -62.5833333333333, 16.25, 775.555882352939, 33.3333333333333, -805.666666666667, -0.291666666666671, 131.333333333333, -250.095238095238, 198.25, -1966.45833333333, 1867.16666666667, 374.166666666667, 234.833333333333, 3428, -58.2516025641026, 287, -1193, 25.5833333333333, -48.7865079365079, 22.0833333333333, 91, 308.666666666667, 1.44444444444444, -0.333333333333333, 102.083333333333, 31.9270833333333, 49.6025641025641, -227.833333333333, 109.538461538462, -77.5, -809.283653846154, -234.979365079365, 1.16666666666667, -12.9166666666667, -76.1833333333333, -51.375, -92.6666666666667, 338, -1.88888888888889, 63.1666666666667, 70.9166666666667, -19.3333333333333, 182.5, 210.541666666667, 135.5, 1708.83333333333, 194.5, 309, 15325.8333333333, -2.41666666666667, 15.8333333333333, -39.3333333333333, -49.5833333333333, 166.266666666667, -35.1388888888889, -205.333333333333, 1107.5, 152.75)

ldns_222 <- c(-13.7777777777778, 256.388888888889, -95.5000000000001, -14.6111111111111, -25.6666666666667, 4.5, -151, 375, -299.916666666667, 775.666666666667, 433.733333333333, -51.0833333333333, 33.9111111111111, -19.0166666666667, 862.25, 245, 260.833333333333, -2245.33333333333, -258.354166666667, 5.85714285714286, 4.83333333333333, -1153.25, -40.9047619047619, 1053.58333333333, 707.5, -102.145833333333, -12.3333333333333, -4.22222222222223, -11.1944444444444, 99.3333333333334, 993.5, 7.05555555555556, 123.666666666667, -2175.16666666667, 1044.83333333333, -785, -337.75, -76.5, -1107.5, -60.6666666666667, 560.333333333333, 7.75, 233.666666666667, -267, 249, 350.833333333333, 35.8333333333333, 95.25, 34.9166666666667, 3134.45, -69.6666666666667, 283.333333333333, -30.7916666666667, 131.333333333333, -591.761904761905, 675.25, 1586.89880952381, 1867.16666666667, 374.166666666667, 234.833333333333, 820, 32.7275641025641, 502.833333333333, 136, 0.25, -4.57192460317461, -83.9166666666667, 91, 68.6666666666667, 2.3611111111111, -0.333333333333333, -91.75, 41.1904761904762, 39.8406593406594, -13239.3782051282, 1735, -112.304487179487, 167.392929292929, 51.8333333333333, -224.083333333333, 2.89999999999999, 9.14166666666671, -272.666666666667, -523, -12.1111111111111, 1.5, 173.666666666667, -13.9583333333333, -12.3333333333333, 256.375, 135.5, 235.166666666667, -13.5, 309, 18523, -21.9166666666667, 15.8333333333333, -6.5, -18.6666666666667, 214.766666666667, 14.8730158730159, 84.3333333333333, 125, 944)

ldns_google_val = ecdf(ldns_google)
ldns_03_val = ecdf(ldns_03)
ldns_222_val = ecdf(ldns_222)

plot(ldns_google_val, lty=1, col="grey", pch = 16, xlab="Time (ms)", ylab="CDF", main="DNS Server Selection based on Avg. Download Time", xlim=c(-400, 400))
lines(ldns_03_val, pch = 17, col = "black")
lines(ldns_222_val, pch = 18, col = "red")

legend("bottomright",  pch = c(16, 17, 18), legend=c("LDNS - 8.8.8.8", "LDNS - 0.3", "LDNS - .222"), col=c("grey", "black", "red"))

