ldns_google <- c(-1.99166666666667, -354.277777777778, -78.6666666666667, -6.2962962962963, 0.166666666666671, 11.9027777777778, -42.6666666666667, 94, 10, -290.444444444444, -556.791666666667, 48.6666666666667, 20.5, -70, -6.75, 67.1666666666667, -46.8333333333333, -2.5, 14.425, 6.11111111111114, 390, -45.5, -57.8214285714286, 30.4166666666667, -84, -4.69166666666667, 33.3333333333333, 4.13888888888889, 47.2222222222222, -234.333333333333, -188.375, 181, -24.1, -66.1666666666666, -364.5, -82.9999999999999, 308.5, -9, 39.2916666666667, -234, 44.6666666666667, 8, 90.9166666666667, 1.41666666666666, 47.1666666666667, -16.3333333333333, 6.16666666666667, 0.5, 28.5833333333333, -8.08333333333333, -346.944444444444, 14.3333333333333, 85.8333333333333, -19.4583333333333, -1.5, -46.952380952381, 11, 154.458333333333, 187.666666666667, -162.666666666667, 73.9166666666667, -1295.5, -87.0659340659341, 131.666666666667, 48.3333333333333, 47.25, -4.28042328042328, 18.125, -67, 65.8333333333333, 12.1111111111111, -73.0833333333333, 16.0833333333333, 25.452380952381, 7.13888888888889, -79.375, 25.974358974359, 40.9166666666667, 68.0865384615385, -121.715277777778, 23.5, -36, 604.166666666667, 1.9, -175.666666666667, -313.25, 21.9444444444444, 39, 15.1111111111111, -1.83333333333334, 69, -105.416666666667, 46, 2.33333333333334, 3.16666666666666, 6.83333333333334, 1281, 18.25, -86.1666666666667, -38.8333333333333, 107.333333333333, -185.97619047619, -44.6388888888889, 12, 25.8333333333333, -41.75)

ldns_03 <- c(2.675, -260.027777777778, 68.3333333333333, -123.615740740741, 112.5, -73.375, -87.5, 44.5, 73.5, 49.3194444444445, 271.133333333333, 66.6666666666667, 21.5694444444444, -7.23333333333333, 187.75, -119.666666666667, -95.8333333333333, 174.5, -177.125, -459.694444444444, -2.5, -48.3333333333333, 4.01190476190477, -34.9444444444444, 257.5, -6.325, 33.3333333333333, 2.72222222222222, 2.63888888888889, 234.333333333333, -54.375, 20.5, -126.722222222222, 346.166666666667, -27.8333333333333, 308.5, 93.5, 30.1666666666667, 44.6666666666667, -4.33333333333333, 288.5, -7.08333333333334, 311, 87, 93, 101.166666666667, -37.75, -3.29166666666667, 25.1872549019608, 14.3333333333333, 42, -0.958333333333329, 39.6666666666667, -72.752380952381, 1.25, -397.708333333333, 187.666666666667, 121.333333333333, 85.4166666666667, 1304.25, -20.2980769230769, 4.99999999999999, -152.166666666667, 6.41666666666666, 0.199206349206349, 35.375, 45.1666666666667, 65.8333333333333, -3.22222222222222, -31.5833333333333, 89, -6.73958333333333, 16.1666666666667, -70.5, -2238.35897435897, 12.1666666666667, -62.9134615384615, -78.9396825396826, -4.66666666666667, -43, 346.416666666667, -32.25, -15.3333333333333, 163.75, -17.3888888888889, 39, -28.4444444444444, -11.3333333333333, 69, 57.75, 46, 47.5, 56, 66, 842.5, -12.5833333333333, 50.8333333333333, -21.1666666666667, 97.6666666666667, 33.4777777777778, 14.9166666666667, 12.5, 25.8333333333333, -32.5)

ldns_222 <- c(-7.24166666666667, 294.555555555556, -13.5, -29.3518518518518, -10.1666666666667, 2.29166666666667, -46, 94, -72.9166666666667, 290.444444444444, 272.05, -21.8333333333333, 15.5777777777778, -37.5666666666667, 187.75, 67.1666666666667, 177.333333333333, -775.75, -0.541666666666671, 285.722222222222, 390, -94, -13.7380952380952, -19.8333333333333, 211, -36.625, -5.33333333333333, 9.05555555555555, 3.72222222222222, -76.6666666666667, 181, -5.88888888888889, -61.5, -456.833333333333, 435.666666666667, -190.666666666667, -96.75, 31.3333333333333, -291, -15.5, 123.666666666667, -4.5, 86.5833333333333, -32.3333333333333, 87, 93, 3.33333333333334, 28.5833333333333, -17.875, -311.183333333333, -9.66666666666667, 85.8333333333333, -7.79166666666666, 39.6666666666667, -102.396825396825, 120.75, 342.029761904762, 187.666666666667, 121.333333333333, 85.4166666666667, 354.25, 2.03525641025642, 69.6666666666667, 48.3333333333333, -3.75, -3.65079365079365, 17.2916666666667, 45.1666666666667, -3.16666666666667, 3.36111111111111, 5.75, 8.83333333333333, 23.1666666666667, -6, -735.442307692308, 89.3333333333333, -90.4134615384615, 32.9282828282828, 23.5, -247.333333333333, 299.333333333333, -23.2, -90.8333333333333, -222.75, -62.2222222222222, 16.1666666666667, 56.2222222222222, -1.08333333333334, 12.1666666666667, 68.75, 46, -4.66666666666666, -0.166666666666664, 66, 1281, 3.58333333333334, 50.8333333333333, 1.83333333333334, -307.166666666667, 65.3666666666667, 2.13095238095238, 54.1666666666667, -21.1666666666667, 154.75)

ldns_google_val = ecdf(ldns_google)
ldns_03_val = ecdf(ldns_03)
ldns_222_val = ecdf(ldns_222)

plot(ldns_google_val, lty=1, col="grey", pch = 16, xlab="Time (ms)", ylab="CDF", main="DNS Server Selection based on Avg. First Bit Time", xlim=c(-400, 400))
lines(ldns_03_val, pch = 17, col = "black")
lines(ldns_222_val, pch = 18, col = "red")

legend("bottomright",  pch = c(16, 17, 18), legend=c("LDNS - 8.8.8.8", "LDNS - 0.3", "LDNS - .222"), col=c("grey", "black", "red"))

