ftcp20<-c(1, 1, 4, 22, 22, 22, 22, 26, 28, 40, 44, 52, 54, 79, 195, 209, 313, 437, 1466)
ftcp40<-c(1, 1, 4, 14, 18, 22, 22, 23, 26, 28, 30, 35, 36, 37, 40, 44, 46, 49, 53, 55, 56, 57, 67, 70, 77, 79, 79, 81, 84, 99, 104, 109, 117, 132, 155, 159, 169, 187, 190, 250, 408, 421, 1223, 1288)
ftcp60<-c(1, 1, 1, 4, 14, 18, 22, 22, 23, 26, 28, 28, 30, 33, 36, 39, 40, 43, 44, 46, 52, 54, 55, 55, 56, 56, 62, 67, 70, 77, 79, 79, 81, 83, 98, 104, 106, 106, 109, 110, 117, 121, 131, 134, 154, 169, 177, 187, 187, 250, 256, 268, 308, 361, 421, 824, 1223, 1293)
ftcp80<-c(1, 1, 1, 4, 4, 14, 15, 22, 22, 23, 24, 25, 26, 28, 30, 36, 39, 39, 40, 44, 46, 46, 52, 52, 55, 55, 56, 62, 67, 68, 70, 71, 74, 79, 81, 83, 98, 103, 106, 106, 109, 110, 110, 115, 117, 121, 130, 131, 134, 135, 150, 154, 158, 163, 167, 169, 172, 187, 250, 256, 268, 308, 332, 359, 361, 403, 421, 455, 822, 1223, 1293)
ftcp100<-c(1, 1, 1, 4, 4, 11, 15, 18, 20, 22, 22, 23, 24, 26, 30, 36, 39, 39, 40, 44, 46, 46, 46, 52, 52, 55, 56, 59, 62, 65, 67, 68, 70, 71, 74, 79, 81, 81, 83, 91, 95, 96, 102, 103, 106, 109, 110, 110, 115, 121, 130, 134, 135, 150, 150, 154, 158, 163, 167, 169, 172, 172, 186, 187, 235, 268, 308, 332, 359, 361, 403, 421, 455, 822, 971, 1223, 1293)
ftcp120<-c(1, 1, 1, 4, 4, 11, 15, 18, 20, 22, 22, 23, 24, 26, 30, 36, 36, 39, 40, 44, 46, 46, 46, 49, 52, 53, 55, 59, 62, 65, 67, 68, 70, 71, 74, 79, 81, 81, 83, 91, 92, 96, 97, 102, 104, 106, 109, 110, 110, 115, 124, 126, 130, 135, 142, 150, 150, 158, 163, 167, 169, 172, 172, 186, 202, 215, 235, 254, 308, 332, 339, 359, 403, 421, 455, 815, 822, 971, 1223, 1293)
ftcp140<-c(1, 1, 1, 4, 4, 4, 11, 15, 18, 20, 22, 22, 23, 24, 26, 26, 36, 36, 39, 40, 44, 46, 46, 46, 47, 53, 55, 59, 60, 65, 67, 68, 70, 70, 71, 74, 79, 81, 81, 83, 91, 92, 94, 96, 97, 102, 104, 106, 110, 110, 114, 124, 126, 130, 131, 132, 142, 150, 156, 158, 163, 167, 169, 186, 202, 215, 235, 254, 308, 313, 331, 332, 339, 350, 359, 421, 455, 675, 815, 822, 931, 971, 1223, 1293)
ftcp160<-c(1, 1, 1, 3, 4, 4, 4, 11, 15, 18, 20, 20, 22, 22, 23, 24, 26, 26, 36, 36, 39, 40, 44, 46, 46, 46, 47, 55, 59, 60, 65, 67, 68, 70, 70, 71, 74, 79, 81, 81, 83, 91, 92, 94, 96, 97, 102, 104, 106, 110, 114, 124, 126, 130, 131, 132, 142, 150, 156, 158, 163, 167, 169, 171, 178, 203, 215, 235, 308, 313, 331, 332, 339, 350, 359, 421, 455, 675, 815, 822, 931, 971, 1223, 1293)
ftcp180<-c(1, 1, 1, 3, 4, 4, 4, 11, 15, 18, 20, 20, 21, 22, 23, 24, 26, 26, 36, 36, 39, 40, 44, 46, 46, 46, 47, 55, 59, 60, 65, 67, 68, 70, 70, 71, 74, 79, 81, 81, 83, 91, 92, 94, 96, 97, 102, 104, 106, 110, 114, 124, 126, 130, 131, 132, 141, 150, 156, 158, 163, 167, 169, 171, 178, 203, 212, 215, 235, 284, 306, 313, 331, 339, 350, 359, 421, 455, 495, 586, 675, 815, 822, 931, 971, 1293)
ftcp200<-c(1, 1, 1, 3, 4, 4, 4, 11, 15, 18, 20, 20, 21, 22, 23, 24, 26, 26, 36, 36, 39, 40, 44, 46, 46, 46, 47, 55, 59, 60, 64, 65, 67, 68, 70, 70, 74, 79, 81, 81, 83, 91, 92, 94, 96, 97, 102, 104, 106, 110, 114, 124, 126, 128, 131, 132, 141, 150, 156, 158, 163, 167, 169, 171, 178, 203, 212, 215, 235, 284, 306, 313, 331, 339, 350, 359, 375, 421, 455, 495, 586, 659, 675, 815, 822, 931, 1293)
ftcp220<-c(1, 1, 1, 3, 4, 4, 4, 11, 15, 18, 20, 20, 21, 22, 23, 24, 26, 26, 36, 36, 39, 40, 44, 46, 46, 46, 47, 55, 59, 59, 60, 64, 67, 68, 70, 70, 74, 75, 79, 81, 83, 91, 92, 94, 96, 97, 99, 102, 105, 106, 110, 114, 124, 126, 128, 128, 130, 132, 150, 156, 156, 158, 163, 169, 171, 178, 203, 212, 215, 235, 284, 306, 313, 331, 339, 350, 359, 375, 421, 455, 495, 586, 659, 675, 770, 815, 822, 931, 1063, 1913)
ftcp240<-c(1, 1, 1, 3, 4, 4, 4, 11, 15, 18, 20, 20, 21, 22, 23, 24, 26, 26, 36, 36, 37, 40, 44, 46, 46, 46, 47, 55, 59, 59, 60, 64, 65, 67, 68, 70, 70, 74, 79, 81, 83, 91, 92, 94, 94, 96, 97, 99, 105, 106, 106, 113, 124, 126, 128, 128, 130, 132, 150, 156, 156, 158, 163, 169, 171, 178, 203, 212, 215, 235, 284, 291, 306, 313, 331, 339, 359, 375, 421, 455, 495, 586, 659, 675, 741, 770, 815, 817, 931, 1063, 1913)
ftcp260<-c(1, 1, 1, 3, 4, 4, 4, 11, 15, 18, 20, 20, 21, 22, 23, 24, 26, 26, 36, 36, 37, 40, 44, 46, 46, 46, 47, 53, 55, 59, 59, 60, 64, 67, 68, 70, 70, 70, 74, 79, 83, 91, 92, 94, 94, 96, 97, 99, 105, 106, 106, 113, 124, 126, 128, 128, 130, 132, 150, 156, 156, 158, 163, 169, 171, 178, 203, 212, 215, 235, 284, 291, 306, 313, 331, 339, 359, 375, 421, 455, 495, 586, 659, 675, 741, 770, 815, 817, 931, 1063, 1913)
ftcp280<-c(1, 1, 1, 3, 4, 4, 4, 11, 15, 18, 20, 20, 21, 22, 23, 24, 26, 26, 36, 36, 37, 40, 41, 44, 46, 46, 47, 53, 55, 59, 59, 60, 64, 67, 68, 70, 70, 70, 74, 79, 79, 83, 91, 92, 94, 94, 96, 97, 99, 105, 106, 113, 124, 126, 128, 128, 130, 132, 150, 156, 156, 158, 163, 169, 171, 178, 203, 212, 215, 232, 235, 284, 291, 306, 313, 331, 339, 359, 375, 421, 455, 495, 586, 675, 741, 770, 815, 817, 868, 931, 1063, 1913)
ftcp300<-c(1, 1, 1, 3, 4, 4, 4, 11, 15, 18, 20, 20, 21, 22, 23, 24, 26, 26, 36, 36, 37, 40, 41, 44, 46, 46, 47, 53, 55, 59, 59, 60, 64, 66, 67, 68, 69, 70, 70, 70, 74, 79, 79, 91, 92, 94, 94, 96, 97, 105, 106, 112, 124, 126, 128, 128, 130, 132, 139, 150, 156, 156, 158, 163, 169, 171, 178, 203, 212, 215, 232, 235, 256, 284, 306, 313, 331, 339, 359, 375, 421, 455, 459, 495, 586, 675, 741, 770, 812, 815, 868, 1063)
ftcp320<-c(1, 1, 1, 3, 4, 4, 4, 11, 15, 18, 20, 20, 21, 22, 23, 24, 26, 26, 36, 36, 37, 37, 41, 44, 46, 46, 47, 53, 55, 59, 59, 60, 64, 66, 67, 68, 69, 70, 70, 70, 74, 79, 79, 91, 92, 94, 94, 96, 97, 105, 106, 112, 124, 126, 128, 128, 130, 132, 139, 150, 156, 156, 158, 163, 169, 171, 178, 203, 212, 212, 232, 235, 256, 284, 306, 313, 331, 339, 359, 375, 421, 455, 459, 495, 586, 675, 741, 770, 812, 815, 867, 868, 1063)
ftcp340<-c(1, 1, 1, 3, 4, 4, 4, 11, 15, 18, 20, 20, 21, 22, 23, 24, 26, 26, 30, 36, 36, 37, 37, 41, 44, 46, 46, 47, 49, 53, 55, 59, 59, 60, 64, 67, 68, 69, 70, 70, 70, 74, 79, 79, 91, 92, 94, 94, 95, 96, 106, 112, 124, 126, 128, 128, 130, 132, 139, 150, 156, 156, 158, 163, 169, 171, 178, 203, 212, 212, 228, 232, 235, 284, 306, 313, 331, 339, 359, 375, 421, 455, 459, 495, 586, 675, 741, 770, 812, 815, 867, 868, 1063)
ftcp360<-c(1, 1, 1, 3, 4, 4, 4, 11, 15, 18, 20, 20, 21, 22, 23, 24, 26, 26, 30, 36, 36, 37, 37, 41, 44, 46, 46, 47, 49, 53, 55, 59, 59, 60, 61, 64, 66, 68, 70, 70, 70, 72, 79, 79, 91, 92, 94, 94, 95, 96, 106, 111, 124, 126, 128, 128, 130, 132, 139, 150, 153, 156, 158, 163, 169, 171, 178, 203, 212, 212, 228, 232, 235, 284, 306, 313, 331, 339, 359, 375, 421, 455, 459, 495, 586, 673, 675, 741, 812, 815, 867, 868, 1063)
ftcp380<-c(1, 1, 1, 3, 4, 4, 4, 11, 15, 18, 20, 20, 21, 22, 23, 24, 26, 26, 30, 30, 36, 37, 37, 41, 44, 46, 46, 47, 49, 53, 55, 59, 59, 60, 61, 64, 66, 68, 70, 70, 70, 72, 79, 79, 91, 92, 94, 94, 95, 96, 106, 111, 124, 126, 128, 128, 128, 130, 131, 139, 150, 153, 156, 158, 163, 169, 171, 178, 203, 212, 212, 232, 235, 284, 306, 313, 331, 339, 359, 369, 390, 455, 459, 495, 586, 673, 675, 741, 812, 815, 867, 868, 1063)
ftcp400<-c(1, 1, 1, 3, 4, 4, 4, 11, 15, 18, 20, 20, 21, 22, 23, 24, 26, 26, 30, 30, 36, 37, 37, 41, 44, 46, 46, 47, 49, 53, 55, 59, 59, 60, 60, 61, 64, 66, 68, 70, 70, 70, 72, 79, 79, 91, 92, 94, 94, 95, 96, 106, 111, 124, 126, 128, 128, 130, 131, 139, 150, 153, 156, 158, 163, 169, 170, 178, 203, 212, 212, 232, 235, 284, 306, 313, 331, 339, 359, 369, 390, 455, 459, 495, 586, 673, 675, 741, 812, 815, 867, 868, 1063)
ftcp420<-c(1, 1, 1, 3, 4, 4, 4, 11, 15, 18, 20, 20, 21, 22, 23, 24, 26, 26, 30, 30, 36, 37, 37, 41, 44, 46, 46, 47, 49, 53, 55, 58, 58, 59, 60, 61, 64, 66, 67, 68, 70, 70, 70, 72, 79, 79, 92, 94, 94, 95, 96, 106, 111, 124, 126, 128, 128, 130, 131, 139, 149, 153, 156, 158, 163, 166, 169, 170, 203, 208, 212, 212, 232, 235, 284, 306, 313, 331, 339, 359, 369, 390, 455, 459, 495, 586, 673, 675, 741, 812, 815, 867, 868, 1063)
