ldns_google <- c(0.5, 1.96759259259261, -122.325396825397, -5.33333333333333, 8.36111111111111, 2.83333333333331, 216.833333333333, -530.133333333333, 47.859649122807, -63, 525.666666666667, 139.833333333333, -818.4, 122.8, 3163.65, 0.666666666666664, 56.75, -0.909090909090909, -7.16666666666652, 99.6666666666667, 101.2, -274, -17.1944444444444, -147.9, 897.888888888889, -14.8333333333333, 20.4166666666667, -9.27777777777778, 25.5, 127.75, -62.5, -43.6666666666667, -435.888888888889, 120.333333333333, -1904.83333333333, -183.416666666667, -97.4166666666667, -9.15882352941176, 5.66666666666667, 471, -127.333333333333, -38.2638888888889, -13.3333333333333, 28.3333333333333, -46.3333333333333, 6.58333333333334, -163.166666666667, -2, -19842.4444444444, 1882.33333333333, 0.233333333333334, 263.5, 22.6666666666667, -795.25, 2631.75, 2095.64705882353, 398.5, 2.41666666666669, 83.3333333333333, -1630.44444444444, 2.67129629629628, 350.833333333333, 233.5, -11.6, -1.00641025641026, -1.58333333333334, -0.333333333333329, 9.05952380952381, 109.333333333333, -15, 1.35746606334842, -47.5, 18.3821428571429, 12.125, -60.1666666666667, 0, 335.333333333333, 47.8280423280423, -146.34965034965, 86.1666666666667, 43.3333333333333, 124, -2.39393939393938, -1.75, 73.8333333333333, 15.5, 139, 116.166666666667, 43.6666666666667, -31, -40.3333333333333, -41.8333333333333, -163.333333333333, -18.6, 8.8939393939394, 815.361111111111, 908.333333333333, -145.666666666667)

ldns_03 <- c(27.6666666666667, -436.407407407407, -401.769841269841, 31.6666666666667, -205.688888888889, -256.75, 239.666666666667, 216.833333333333, -76.75, -9.01535087719299, 69.8666666666667, 525.666666666667, 139.833333333333, -575.1, -480.866666666667, 5825.35, 18.3333333333333, 104.583333333333, 0.0909090909090908, -199.333333333333, -51.1666666666667, 101.2, -462.833333333333, -407.944444444444, -78.8166666666666, 192.305555555556, -24.5555555555556, 20.4166666666667, 38.5555555555556, 25.5, -48.4722222222222, -110.166666666667, 724.666666666667, 107.583333333333, 1315.33333333333, -89.5833333333334, -194.666666666667, -10.1, 65.6666666666667, 471, 168.5, 17.125, 307.666666666667, 42.4166666666667, -20.8333333333333, -5.91666666666666, 734.166666666667, 30.2777777777778, 873.583333333332, 226.25, -6.89166666666667, 596.833333333333, -36.25, 463.5, -412.666666666667, -492.352941176471, 5005.33333333333, -354.916666666667, 94.8333333333333, 533.75, -118.298941798942, 366.5, -238.333333333333, 215.5, -128.189743589744, 11.5, 68.6666666666667, -76.8571428571428, -39.1666666666667, -147, 1.41923076923077, 64, -33.3539682539683, 37.9583333333333, -95.4444444444444, 1, -364.666666666667, 3.13174603174605, -40.0980392156863, 46, 17.4166666666667, 211.333333333333, 581.333333333333, -11.6666666666667, 45.6666666666667, -79.1666666666667, -46.6666666666667, -163.833333333333, 185.333333333333, 212.833333333333, 34.3333333333333, 104.333333333333, -230.541666666667, -23.6, -25.2727272727273, 1536.61111111111, -27.3333333333333, 94.1111111111111)

ldns_222 <- c(-0.666666666666664, -14.9074074074074, -263.936507936508, -8.83333333333333, -17.9444444444445, -2.83333333333334, -210.083333333333, 15.75, -65.5, 6.58187134502924, 15.45, 42.4999999999999, -13.3333333333333, 818.4, 122.8, 5825.35, -1, 76.4166666666667, 1.09090909090909, 1552.66666666667, 99.6666666666667, -31.3, -199.5, 14.5555555555556, 224.433333333333, 1608.63888888889, 27.6666666666667, -1.5, -4.27777777777778, 1, 59.75, -31.8333333333334, 139.166666666667, 1315.33333333333, 78.0833333333334, -294.966666666667, -19.2666666666667, -75, -109.333333333333, -25.8333333333333, -22.7083333333333, 6.5, 36.3055555555556, 270.666666666667, 10.5833333333333, 62.3333333333333, 196.666666666667, -6713.41666666667, -433.166666666667, -20.85, 596.833333333333, 22.6666666666667, 831.166666666667, 2445.75, 149.063725490196, 5005.33333333333, 461.75, 73.3333333333333, 622.583333333333, -28.837037037037, 597, 125.666666666667, 0.300000000000011, -56.7564102564103, 16.4444444444444, 68.6666666666667, 6.91666666666666, 109.333333333333, 88.8333333333333, 1.66923076923077, 64, -909.111278195489, 27.8083333333333, -78.4666666666667, 1, 204.5, -34.1977225672878, 62.8186274509804, 120.333333333333, 21.75, -293.333333333333, -581.333333333333, -33.65, 21, 92.5, 139, 116.166666666667, 185.333333333333, -144.5, 34.3333333333333, 104.333333333333, 88.5694444444444, 27.3444444444444, 7.06060606060607, 638.194444444444, -261.166666666667, 665.944444444444)

ldns_google_val = ecdf(ldns_google)
ldns_03_val = ecdf(ldns_03)
ldns_222_val = ecdf(ldns_222)

plot(ldns_google_val, lty=1, col="grey", pch = 16, xlab="Time (ms)", ylab="CDF", main="DNS Server Selection based on Avg. Download Time", xlim=c(-400, 400))
lines(ldns_03_val, pch = 17, col = "black")
lines(ldns_222_val, pch = 18, col = "red")

legend("bottomright",  pch = c(16, 17, 18), legend=c("LDNS - Google's DNS", "LDNS - Open DNS 1", "LDNS - Open DNS 2"), col=c("grey", "black", "red"))

