ldns_google <- c(-2.5, 399.775462962963, -66.631746031746, 10.8333333333333, 2.49074074074074, 8, 78.1666666666667, -170.833333333333, 50.6083743842365, -30.7291666666667, 164.833333333333, 26.3333333333333, -133.3, 58, -2.8, -0.166666666666666, 34.3333333333333, 41.2222222222222, 111.833333333333, 27.5, 32.2, -56.7777777777778, -19.8333333333333, -19.65, -20.3888888888889, 0.444444444444446, 12.8333333333333, 21.9444444444444, 9.5, 62.9583333333333, -25, -35.6666666666667, -170.333333333333, 54.3333333333333, -144.833333333333, -8.33333333333333, -49.5555555555556, -2.78235294117647, -1.66666666666667, 96.3333333333333, -57, -36.8194444444444, 13.6666666666667, 4.25, -13.1666666666667, 2, -1.66666666666666, 2.16666666666666, -368.796296296296, 52.75, -0.866666666666667, -3.5, 10.8333333333333, -132.75, 680, 1085.41176470588, 518.166666666667, -133.333333333333, 85.5555555555556, -587.555555555556, 26.8888888888889, 55.6666666666667, 66.6666666666667, -1.69999999999999, -13.6965811965812, 5.22222222222222, 0, 4.41666666666667, 44.3333333333333, 28.8333333333333, -8.34126984126984, -25.8333333333333, 9.51904761904762, -7.31944444444445, -35, 0, 63.8333333333333, -0.830917874396135, -80.8531468531469, -3.75, 1.94444444444444, 1.66666666666666, -243.212121212121, -32.7152777777778, 104.166666666667, -8.33333333333333, 54, 37.3333333333333, 1.83333333333334, -34.1666666666667, -21.9166666666667, -6, -2.96666666666667, -15.75, 4.64393939393939, 93.7159090909091, 107.5, -62.7222222222222)

ldns_03 <- c(1, 442.685185185185, -195.57619047619, 24.3333333333333, 2.50740740740741, -86.1666666666667, 39, 78.1666666666667, -71.4166666666667, -73.2844827586207, 31.3666666666667, 164.833333333333, 26.3333333333333, -276.2, -244.166666666667, 35.3, 9, 47.5, -126.194444444444, -67.5, 6.33333333333333, 32.2, -74.3333333333333, -46.6666666666667, 1.85, -56.8888888888889, -27.1111111111111, 12.8333333333333, 49.3888888888889, 9.5, -21.4861111111111, -53, 164.5, -16, 145.333333333333, -207.333333333333, -56.8055555555556, -5.36428571428571, 21.8333333333333, 96.3333333333333, -505.166666666667, -19.875, 157.666666666667, 4, -20, -10, 92.6666666666667, 1.5, 23.7777777777778, 32.0833333333333, -2.2, 200, -17.8333333333333, 7.5, 10.9166666666666, 301.229946524064, 2041.5, -52.9166666666667, 89.5555555555556, 44.2500000000001, -48.0873015873016, 35.3333333333333, -128.833333333333, 106.4, -20.7076923076923, -1.44444444444445, 31.3333333333333, 3.41666666666667, -91.1666666666667, -1.66666666666667, -13.1493506493506, 31.5, -16.1753968253968, 21.7638888888889, -224.5, 1, 28.1666666666667, -0.219806763285024, -17.2254901960784, -3.75, -0.472222222222221, 35.6666666666667, 149.333333333333, 48.3958333333333, 45.8333333333333, -500.166666666667, -33.8333333333333, -33.5, 39.3333333333333, 90.1666666666667, 20.3333333333333, 26.3333333333333, -4.875, -15, -58.9393939393939, 120.625, 77.5, 13.8055555555555)

ldns_222 <- c(-51.6666666666667, 891.12962962963, -125.687301587302, 10.3333333333333, 2.46296296296297, -8, -80.25, -44.4166666666667, -11.6666666666667, 52.9655172413793, 4.90833333333333, -0.166666666666657, -1, 133.3, 58, 35.3, -1, 39.1666666666667, 68.5555555555556, 688.5, 27.5, -58.1333333333333, -57, -5.83333333333334, 4.35, 386.777777777778, 23.2777777777778, 2.33333333333333, 24.5555555555556, 0, 31.9583333333333, -25.5, -1.41666666666666, 145.333333333333, -68.6666666666667, -112.166666666667, 2.43333333333334, -39.5, -8.5, -56.5, 27.4583333333333, -3.16666666666669, 4.83333333333333, 90.3333333333333, 3.83333333333333, 5.33333333333334, 72.8333333333333, -91.2777777777778, 36.25, -18.2, 200, 10.8333333333333, 110, 631.333333333333, 603.495098039216, 2041.5, 138.666666666667, 85.2222222222222, 152.916666666667, 1.82222222222222, 116.5, 16.9166666666667, 0.900000000000006, -11.5410256410256, -1, 31.3333333333333, 3.80952380952381, 44.3333333333333, 55.6666666666667, -2.28571428571428, 31.5, 2.55413533834586, 11.8305555555556, -39.4666666666667, 1, 20, -0.111111111111111, 27.1703431372549, 19.75, -0.138888888888893, -184.333333333333, -149.333333333333, -66.2875, -60.1666666666667, 46.3333333333333, 54, 37.3333333333333, 39.3333333333333, -54, 20.3333333333333, 26.3333333333333, -9.76388888888889, 11.1111111111111, 12.0606060606061, 63.375, 9.66666666666667, 212.055555555556)

ldns_google_val = ecdf(ldns_google)
ldns_03_val = ecdf(ldns_03)
ldns_222_val = ecdf(ldns_222)

plot(ldns_google_val, lty=1, col="grey", pch = 16, xlab="Time (ms)", ylab="CDF", main="DNS Server Selection based on Avg. Connection Setup Time", xlim=c(-400, 400))
lines(ldns_03_val, pch = 17, col = "black")
lines(ldns_222_val, pch = 18, col = "red")

legend("bottomright",  pch = c(16, 17, 18), legend=c("LDNS - Google's DNS", "LDNS - Open DNS 1", "LDNS - Open DNS 2"), col=c("grey", "black", "red"))

