ldns_google <- c(1.77777777777778, -11.25, -62.4761904761905, 28.5, 3.05555555555555, -0.333333333333336, 90, -211.1, 18.2709359605911, -84.4583333333333, 269.5, 35.1666666666667, -177.3, 158.6, -14.2, -25.6666666666667, -50.0833333333333, 78.1944444444444, 45.3333333333334, 90.5, 97.4, -70.7777777777778, -9.27777777777778, -25.25, 35.1666666666666, 0.583333333333336, 16.75, 23.3888888888889, 13.5, 67.5, -28.6666666666667, -371, -325.055555555556, 84.3333333333333, -551.5, -26.5833333333333, -64.4444444444445, -10.4941176470588, -36.1666666666667, 129.333333333333, -26.5833333333333, 24.5138888888889, -90.5, 72.0416666666667, 8.66666666666669, -95.1666666666667, -66.5, 3.22222222222221, -355.388888888889, 69.3333333333333, 6.03333333333334, -30.1666666666667, 15.5, -223.583333333333, 873.083333333333, 651.588235294118, -106.833333333333, -865.916666666667, 97.1666666666667, -654.444444444444, -186.203703703704, 97, 94.75, 0.25, -13.7264957264957, 7.05555555555556, -1.16666666666667, 27.952380952381, 41.6666666666667, 51.3333333333333, -39.5912698412698, -84.8333333333333, 9.79523809523809, 28.1388888888889, -35.3333333333333, -78.1666666666667, 40.0833333333333, 138.01164021164, -68.0979020979021, -249.833333333333, 11.6666666666667, 71.8333333333333, 67.1212121212121, -28.4236111111111, 163.5, -16.5, 36.5, 114.666666666667, 69, 249, -45.8333333333333, -3.83333333333334, -106.233333333333, -2.51666666666667, 5.27272727272727, -32.9166666666667, 85.8333333333333, -39.0555555555556)

ldns_03 <- c(26.6111111111111, -192.277777777778, -195.365079365079, 45.5, -86.5444444444445, -172, 54.6666666666667, 90, -81.875, 14.2887931034483, 104.7, 269.5, 35.1666666666667, -303.7, -180.566666666667, 45.6, 15.5, 49.4166666666667, -328.805555555556, -162.833333333333, -65.3333333333333, 97.4, -88.5, -70.9444444444444, 3.91666666666666, -72, -33.0555555555556, 16.75, 79.3888888888889, 13.5, -28.5, -57.3333333333333, 206.333333333333, 182.5, 188.666666666667, -126.25, -80.1944444444444, -4.77142857142857, 29, 129.333333333333, 38.75, 42.2916666666667, 156.5, 114.875, 39, -3.33333333333334, 137, -3.11111111111111, 5.75, 36.1666666666667, -3.8, 241.166666666667, -22.5, 55.5, -70.9166666666666, -135.320855614973, 1914, -295.916666666667, 106, 101.333333333333, -48.8941798941799, 2.5, -118.25, 110.75, -301.515384615385, 2.22222222222222, 37.1666666666667, 29.702380952381, -20.6666666666667, 14, -40.9902597402598, 48, -29.6769841269841, 55.5555555555556, -194.444444444444, 149.333333333333, -3, 27.0079365079365, -22.7625272331155, -337.333333333333, -32.5833333333333, 110.166666666667, 237.666666666667, 37.3541666666667, 108.166666666667, -1665.5, -83.3333333333333, 32.3333333333333, 124.333333333333, 405.666666666667, 41, 43.5, -156.875, -5.43333333333334, -30.0606060606061, 34.8333333333333, 54.6666666666667, 52.3333333333333)

ldns_222 <- c(-18.8888888888889, 70.5, -135.420634920635, 7.66666666666666, -6.88888888888889, -10, -93.75, -58.875, -34.3333333333333, 18.8582375478927, 26.9916666666667, 97.8333333333333, -33.3333333333333, 177.3, 158.6, 45.6, -4, 11.75, 273.111111111111, 606.333333333333, 90.5, 26.0666666666667, -67.3333333333333, 13.3888888888889, 1.79166666666666, 436.5, 34.8333333333333, -6.25, 9.55555555555556, 0.333333333333334, 30.8333333333333, 14.3333333333333, 214.833333333333, 188.666666666667, 3.91666666666667, -58.8666666666667, -26.7, -39, -26.1666666666667, 25.0833333333333, 5.29166666666666, -12.5, 47.9305555555556, 165.333333333333, -3, 34.5, 82.3888888888889, -51.8055555555555, 38.3333333333333, -494.8, 241.166666666667, 15.5, 165.333333333333, 687.25, 64.3382352941177, 1914, 330.083333333333, -10.5, 216, 7.52962962962964, 222.333333333333, 24.1666666666667, 0.650000000000006, -11.6487179487179, 3.77777777777778, 37.1666666666667, 19.4404761904762, 41.6666666666667, 82.6666666666667, -10.0357142857143, 48, -218.029323308271, 48.2055555555556, -44.5, 149.333333333333, -1.25, 75.9045548654244, 16.8578431372549, -74.4166666666667, 10.6666666666667, -140.333333333333, -237.666666666667, -82.7125, 29, 99, 36.5, 114.666666666667, 124.333333333333, 239.166666666667, 41, 43.5, 43.2361111111111, 15.1777777777778, 1.77272727272727, -5.33333333333333, -135, 233.833333333333)

ldns_google_val = ecdf(ldns_google)
ldns_03_val = ecdf(ldns_03)
ldns_222_val = ecdf(ldns_222)

plot(ldns_google_val, lty=1, col="grey", pch = 16, xlab="Time (ms)", ylab="CDF", main="DNS Server Selection based on Avg. First Bit Time", xlim=c(-400, 400))
lines(ldns_03_val, pch = 17, col = "black")
lines(ldns_222_val, pch = 18, col = "red")

legend("bottomright",  pch = c(16, 17, 18), legend=c("LDNS - Google's DNS", "LDNS - Open DNS 1", "LDNS - Open DNS 2"), col=c("grey", "black", "red"))

